0.7589285714285714
5
AboveBelow
147.05710089635338
131.31236254434177
80.10905264528544
84.56317717074327
96.12028174543129
119.4800751832981
266.0346419181391
30.061311564543978
70.90081138453608
65.94594413767639
45.23867207653234
92.8632626048605
87.1261198307435
43.10618604306654
45.56745756863795
47.9088651575164
74.53285853545245
37.41925669186064
40.5088421287263
17.457896497249255
46.467188979968846
56.021131628179745
43.88944967276309
32.923024299646755
62.99224146926774
95.70588111358127
135.64005631731533
88.25747177268703
104.14303001057371
70.82374810678573
332.03125
58.16528250035675
50.02200725640036
42.84547061828529
39.0625
95.03814516520745
58.51425120496799
37.748860467106624
31.35822581845373
54.378509521484375
98.50151834077809
45.362349443772885
97.65625
17.25509762763977
32.55990295457639
156.25
22.013724451231905
97.65625
73.19908548917175
41.729503588810196
87.85044462149399
56.58627872651245
28.578897290677215
32.08569734102961
64.24847185512465
58.746337890625
32.891969487039205
28.87950298099701
45.88283598423005
97.11360752892992
117.87414550781251
34.95975339362967
21.66721602555107
59.042771657307945
44.30475239991567
44.69034009890494
80.71422794381918
70.07279495600454
40.384531021118164
25.23568420457639
26.873469129592806
98.97828102111816
72.021484375
46.38671875
61.8804245907781
55.85891712443264
37.02664192167535
32.04345703125
156.25
156.25
39.0625
38.39516842872778
39.0625
20.751953125
104.22922363661112
38.01549064054501
31.84393979259726
31.90353512763977
39.0625
39.0625
77.68011228581852
34.059486705431205
36.6973876953125
39.0625
35.33276643075152
56.24463242269343
51.808395703034506
67.22812226616342
41.36284977467306
40.80889856894861
67.95409664312227
38.82354691635571
61.00138305359353
14.798914565849596
23.74031116402623
37.40155780487822
18.310546875
19.139481931639885
27.5662588694739
36.233991119938594
20.177330724523465
37.71688582615628
24.877570670802957
37.19329833984375
27.61363983154297
24.056918020950626
40.60014044322694
11.922982329387956
18.310546875
36.024513343969986
126.953125
44.247998578562616
103.40920287836789
28.464382603054958
82.00221778058969
40.49861351516621
468.75
234.375
122.78468451566167
48.82812500000001
153.52454482938796
97.65625
30.735113219591973
23.319552018213216
21.08246088027954
14.230290992903367
36.486257039664416
56.32135863510365
80.87309649207482
20.16640670540759
32.77413466766299
10.096132755279541
40.042809630127735
24.91047763426618
23.50636792670509
53.78308773897808
28.025512080390286
29.449462890625
29.449462890625
39.0625
24.4140625
57.88196214612727
41.456486408909164
118.48966125398874
10.4522705078125
10.4522705078125
95.18941243489584
131.75946476502318
14.224656146677416
16.82254478540633
29.449462890625
71.88590911548107
30.607362149269957
15.105095104283956
30.014864857813933
32.07738029242969
10.4522705078125
31.202564531425935
320.1251728816992
14.019012451171875
39.0625
19.83642578125
80.72932250797749
118.48966125398874
223.41621418794
39.73253858986232
156.25
97.65625
32.52576243047161
35.35428235324032
50.07012140270962
40.18385504380766
41.840225783579385
52.61475085960053
96.21384046517443
27.9991522725393
130.26957514263182
32.52576243047161
35.567867232572915
42.73666898338603
45.85671863958595
49.6086120388559
93.23163739131341
-322.0819290458988
36.06994928608573
27.344853814490893
92.79233380657598
35.50047573999431
125.24265728294303
109.90142822265625
130.54989675257758
105.09888331095378
62.3037849261656
39.17266925175984
30.252339123557018
65.02214591811826
47.09738497611195
40.68671381666764
85.1629717091899
48.891305923461914
105.37362154439799
31.429109905415082
69.43147366385296
31.941731770833336
63.75077884505916
48.891305923461914
112.41485675175986
41.559240048568654
84.48083503430504
33.56517569465565
66.91773732503255
103.28409009890494
175.78125
423.583984375
119.62890625
55.555763343969986
64.64586306025446
98.97828102111816
-812.9745918495894
107.421875
44.240697388583925
36.55619114774461
36.29092541005876
95.03814516520745
207.8121204940618
29.273896558334243
54.70246076583862
50.795040178555944
68.359375
44.49666627151256
45.52769646074416
40.23432731628419
1270.2839883665245
625.0
144.39432265366474
129.66854273849881
71.00343704223633
-817.0572916666667
98.31726551055908
156.25
114.74609375
41.70656204223633
130.2504539489746
72.08903630574545
36.051849570635056
92.98364402827407
337.80099266291506
156.25
242.60625152984528
24.95645898046093
30.008554458618164
97.65625
319.0260559091528
156.25
322.418212890625
149.66556004115512
136.7950439453125
61.393232080654826
156.25
156.25
277.4215314611627
51.92119628190994
118.42727661132812
349.12109375
72.15991738404013
66.6014409394253
-565.0503094379313
117.1875
89.7216796875
86.33693168024293
131.03485107421875
62.53382572056142
243.92605805120286
137.45874424654127
73.78993530305092
111.62908138378344
72.26318182033884
40.384531021118164
21.29492300932673
41.51339054159406
1051.5968004862468
209.57460006078082
190.44483962248222
70.9678768970424
143.8879470030467
273.450149430169
9.765625
469.3603515625
26.4707277709401
156.25
20.84829749273211
27.470311122042734
18.696517994006477
75.43325424194336
95.47452271807165
16.54528142974006
72.54002834428348
30.713854168110394
33.315022786458336
114.74609375
94.95239290926193
21.951971386127973
114.74609375
-806.4103126525878
109.16023893310847
1328.125
625.0
215.29674530029297
429.6875
371.09375
861.0026041666667
79.00044506533678
45.63085161907694
332.03125
67.11214780807497
82.42184337450516
125.6049093272951
32.93433134823042
296.22533561721434
83.33832025527954
89.79699492944087
111.63900698989752
95.20649694739836
85.59376531480397
46.60749519043731
44.203599199311846
27.094648432856797
131.89866569721036
234.375
40.319713939566476
34.05868438184726
22.88818359375
48.828125
39.0625
39.0625
156.25
29.46853637695313
28.868407500356753
67.01151529947917
87.2802734375
28.288803166813324
35.97259521484375
39.0625
56.15234375
35.45151480565032
34.376402067264564
37.15598486540965
47.936370070218615
36.038122559226856
17.80812355538908
29.9072265625
97.65625
128.4786065419515
48.828125
10.426640510559082
83.33832025527954
292.96875
130.93715646116272
73.20827234555811
83.50925313101875
34.98440294701239
40.91044267018636
63.11885382423744
78.17265824235204
32.91340980370647
24.55256103553611
561.0410879066175
95.73981724863009
159.43309919509255
-54.56452929871932
115.61942727852217
101.84325213511939
81.32126407825393
135.11276568082252
111.9103551765906
85.08042192203794
38.04382631909129
26.133422537839024
16.842421911991053
10.801893632383
14.658619128102607
10.41274908481859
73.56204424892185
41.865320785348224
37.906448102276656
12.009542392229887
4.722538418129329
6.946690939615454
6.155221971164457
14.24289238732165
68.23436644277585
23.583589654684342
59.48802442187935
17.711477116201493
24.688601382012227
20.98189642857837
15.80358991712914
6.673079258179536
26.437094995453506
25.977077508607586
125.81943753932346
91.42918807983267
15.72528727367689
25.0330242152437
16.247579477748417
6.997989052917675
32.39130753557541
20.363005743324454
12.504007726742644
9.421751600909113
4.703857761822174
4.878029432163944
7.459231999734511
2.225714727976075
24.169445036542168
20.486300162011844
6.310349487252098
6.780930139672302
5.614262945872243
5.75211905264972
5.928188453405259
4.897934410838372
11.015523526934043
9.490003149012065
16.129066538722913
7.055383099146608
5.19514365036142
5.212026067034928
14.59818987116753
6.740441987163042
51.15138787655842
10.869584679721537
16.502735141629724
19.682728353439817
17.14171126896067
16.802694525532033
14.669641497695332
5.807902101075623
74.63131906607609
-88.93106609788138
39.300377530204976
40.69538818095896
5.106287010095004
6.3796435111435805
19.789722725472643
8.271645740958046
149.26478469148398
60.77821260821273
81.55785796153535
53.39512778579565
8.527642152524688
25.209999846682877
-240.07392644238996
6.74426065239534
-242.65558899979865
521.6809960061446
70.07386048337062
22.065003497563804
16.914769927965118
46.89572573056159
37.29476543863465
14.28435407776888
166.3485262754085
44.57314599616805
43.67732804416892
43.18941414974614
26.12952485148832
-267.5300998721301
16.305899243107174
23.643772513465816
47.41432710640045
239.47868865904732
7.068573207550844
44.86838055481964
5.186894205246802
10.99050378722522
9.649705274625651
4.768127591781372
187.0226005124406
399.82644417741153
65.53999013608647
348.95870118587004
28.908960456239765
18.46060809481488
25.160113645988915
10.430705703131121
43.50802424608987
29.652633450142535
13.734097881776778
22.510624184474
4.47420129725789
3.9783995437636053
18.81889483070141
19.79251534550095
-465.37131966301865
9.582142769671016
24.518593764578906
13.985070298004212
13.5199852253741
221.84321525498305
22.421674872894855
-48.15479386468046
