0.768389662027833
5
AboveBelow
-15.420479074679154
68.76493616484721
106.68561398623686
37.75019689603706
89.64878957822543
64.19585108100824
453.9123255912086
18.776865289619547
66.57058563924548
12.997134676595334
12.199814943671122
189.1543845910249
14.767611673302163
14.777732283898219
29.57456291228592
111.95962720532529
132.4604353634774
22.20405583586461
-1220.703125
20.369420045693868
7.204980748694535
1.7173292875238382
22.84317782356984
32.96899068947076
-484.4407508262652
17.082912087993655
55.39406782200729
57.10613285876026
11.078245385707309
19.832742764463823
54.440478095560806
59.07826617862435
7.387359392491323
13.454757860818306
7.809516193460565
14.830082654953003
22.55860247038363
6.308565169056845
7.354767522503617
19.20608271958842
13.298725703943514
3.4687979014859947
6.74499228360161
3.8160332885112553
8.253391299928937
6.997476700332831
6.997476700332831
6.997476700332831
43.61168153443096
186.03506706085275
95.79884627139434
130.48921489999407
62.103215222659585
101.37938338260659
327.2011027937489
11.02959204997335
156.25
10.321312425117867
6.946458263512424
42.78563338260659
9.770654733218844
11.450252843720138
29.282923780485483
0.0
0.0
0.0
3.1280910526032724
29.892547123954166
45.80101137488055
9.765625
11.450252843720138
8.776884234360068
5.8251541683978045
6.229465821970249
56.98640364705584
45.78295034921861
6.966023699628183
13.171113112492295
0.6915628910064697
43.96082084409144
1.5573664554925621
2.941842188233507
1.6852893999644687
10.07080078125
6.869317150095353
6.337747305493664
2.7343495045337916
10.730524305974166
26.65455045588198
2.941842188233507
-825.0201579013284
6.753834969704114
12.069495647115474
4.822762770581113
4.901895810025818
4.841499894045691
44.590193381198326
77.88193267404642
22.70517783491725
44.46609130325476
25.26958872293957
49.161336809107425
31.128458813320304
4.46283871117714
-818.6502568423747
9.608638006745839
5.253057640138611
10.20855869033507
23.60273546555519
17.042670415485293
5.3001676683644305
8.25590616653836
7.024574552903397
3.358662564543978
1.1599927464831303
2.6169415038552075
14.753768087497779
2.457303335359031
9.770654733218844
9.770654733218844
12.654323596059346
17.362311482429504
12.673764888729368
68.00660141726065
31.564231719752883
7.5594973880766085
56.974563744060696
10.492399267936523
36.3344420270424
7.891057929938221
2.442663683304711
7.891057929938221
6.353733594116753
3.2847415380460006
6.106030491609422
7.835669299803821
11.067349432976698
2.442663683304711
11.767368752934027
6.682050413039511
2.442663683304711
2.692252935769109
2.692252935769109
6.634026356969842
30.49984042133604
81.59714443276503
30.030165577218646
1.6852893999644687
15.735712448425584
29.6783447265625
10.99020521102286
9.765625
81.1767578125
81.1767578125
4.935477793748889
0.0
24.315781076885674
78.96764469998223
2.44140625
20.01805031406028
20.373894699982234
19.470483168511606
2.941842188233507
19.741911174995558
20.373894699982234
9.652419639212876
5.190660327022511
0.0
30.1980481715012
0.17289072275161743
156.25
1.6852893999644687
97.65625
39.0625
230.30598958333334
61.37281884455688
20.086311771714385
43.29722581723763
3.6890707385268002
224.609375
14.737355438567993
6.741157599857875
2.44140625
19.741911174995558
81.1767578125
19.704056143917143
38.609678556851506
30.984574120383687
16.03540216255636
12.371979639693892
30.954181384196673
24.906918903065808
171.85002510083459
512.0224857976725
505.1735235070818
50.324530843592534
52.39895956757425
54.50979305694508
115.38109514999938
91.89331058706055
70.71861579371983
195.3125
8.24235399608112
118.65842109411676
1.3396008167896507
0.23245811462402344
20.1378205937684
19.560307264328003
41.335236293032125
5.67371823406541
0.23245811462402344
2.1470947702146432
45.80101137488055
9.770654733218844
32.642854885299286
8.46058689651606
26.883235425672073
26.336309761945103
34.1796875
178.72309218823352
2.44140625
27.16493001697316
4.9736350774765015
0.17289072275161743
9.765625
44.68077304705838
8.46058689651606
0.0
10.258484976766704
3.719329833984375
39.08261893287538
5.0344551484421
33.4314659435709
2.941842188233507
3.719329833984375
11.767368752934027
9.765625
2.941842188233507
6.356248460726175
17.792348536766397
-1244.27487357814
117.60882234999112
64.20314311981201
97.65625
39.0625
63.390041995305744
376.5028107247091
40.58934817775571
34.23235279374889
9.765625
9.765625
39.0625
2.442663683304711
0.15266648020654444
40.043183072912775
9.765625
156.25
0.0
6.079032103642606
2.941842188233507
1.2103749735114226
24.4140625
5.100853542228251
10.010795768228194
1.7289072275161743
0.9674858301877975
32.28765667848219
156.25
39.0625
9.765625
10.117242733637493
40.283203125
9.765625
36.467215270719066
10.37791510551143
39.0625
21.665800236343454
58.94458214980604
5.350243595857469
9.765625
2.941842188233507
8.253391299928937
67.62399912935888
44.08565746340743
24.4140625
37.475810686360425
21.039936955889434
9.765625
24.009087715405617
135.35472101352119
859.5064844334795
58.59374999999999
93.7657890496331
86.34319724823825
86.95989197388413
43.93833689024274
1255.4951026055114
81.80616833153125
2.442663683304711
58.59374999999999
10.197809517461806
9.115620814867452
1.5266648020654445
108.42547567592216
129.77869707771413
32.642854885299286
6.8064284725346536
15.139491456928072
8.588379080858573
1.997866666911169
2.294879226759677
11.170193261764595
2.766251564025879
79.57816123962402
47.06947501173611
2500.0
156.25
314.98681753873825
66.14848971366882
312.5864453613758
458.984375
83.01032736660942
20.126085706518765
625.0
20.76201259143769
36.452423793032125
20.54313069337043
1.7016071181336634
2.766251564025879
10.985374755748854
7.991466667644676
41.30484210282471
7.941849993463293
8.368017176339734
9.719658236982104
2.442663683304711
156.25
156.25
44.68077304705838
0.0
0.0
0.0
24.4140625
168.4647854220457
25.02635260551143
46.06103302822226
21.002171094116754
39.0625
-1244.994602115886
84.00868437646702
2.294879226759677
14.586581686024548
10.99020521102286
2.941842188233507
24.56382426258521
18.78132971630997
5.883684376467014
34.19418901674533
14.845636199994937
15.633679362909042
78.125
6.66977216800054
212.2382642257781
10.173818403674286
30.28190086456979
99.83361424811493
892.1711415141111
319.0104166666667
34.1796875
232.3111519083772
5.896028538388329
312.5
-607.3100922090293
19.614849081787124
20.232605760827585
12.69653665044001
213.2766942183177
33.38269909065237
-190.49686195452367
20.407209424037354
9.712349497390944
20.19983539920285
28.064835501157432
25.639295307893164
1.1119407505978638
67.44425601781963
-93.60650551061872
161.30953525049986
35.414377297306864
71.59631081650221
-4.444067493183296
8.47598981510623
-212.8809086265263
16.14149598656508
18.462354952830168
3.405910859964304
7.793213631332438
4.216211211928038
-81.8033409715351
4.226120451992799
14.472098509279803
13.638061531947791
9.225795921540856
7.196152151454743
6.167319857352072
6.5280495115413215
-407.90919978376434
24.461821296171145
0.42170390324180834
5.141026100919455
20.682346962747122
36.9429430995316
21.236833836889094
20.13754084926037
14.130091142925371
5.161113462999824
-150.2995075903123
14.50583530166483
31.239111991154964
32.26114632755449
14.111429184292504
6.053004158823472
5.349045851264618
2.5260679717675725
-126.72638880686411
6.625068715315058
2.8090243180313035
3.0260990924094755
-2.24800543682533
1.1977196965989578
3.102539925512115
0.27222022970098514
-26.941036389536173
4.266408124148727
6.798938379667518
7.886351798067508
2.339530498481631
6.702124523568322
2.5708702678494255
4.71457554473975
36.07788846663828
5.40720597928126
22.204426670382706
34.27049899036013
116.47232053298143
14.4192676551887
14.35671155364718
12.398114683556848
87.59919964296368
279.2162055611098
69.55799664512888
41.8150138940649
21.289017405460775
19.886464058970674
3.4595081648746024
9.829741544105415
36.35829976477785
10.501183861741207
22.872534820577403
12.431230229459263
21.442249208563247
2.7045896410484245
9.035183859429148
6.628971061549975
-303.01655082102167
35.880431956802916
200.04621906693885
49.78417106889101
7.780585841154
0.6204172719355842
3.677694000324493
8.33673045328754
4.122305108194743
4.760317855558251
17.157829661607124
31.754591718035282
7.786220926502269
5.859304805355246
-52.01149108466844
12.868924586565504
663.786533442916
32.40188869642636
15.141286993799637
36.333924341476326
38.143531096382524
3.4891437509783714
7.665780974985504
5.168328183159601
138.19574170801462
30.200139068560677
422.6923497223724
110.82608747254149
-9.288645395649446
4.303872365751804
20.0979913091529
8.991456993755703
80.9707912102874
11.22934468782779
28.676385509455173
23.69798738662761
4.843947486591348
31.82137873892184
-238.4736760131334
11.173243735453957
146.36970950821362
69.17419881490096
284.38400902362474
74.82918244520903
-57.47736351909338
41.39719563471133
-53.049480832442
-106.81952521664819
