0.7558428642466435
5
AboveBelow
-49.250036015876304
93.60212518124554
58.34526499089279
45.51024519384604
-18.035040768964073
60.985067345710945
19.076093697675624
311.9061413371582
11.258409532897602
26.31567156841046
21.157566176823845
37.66828577500381
9.880037273249382
5.974977933243644
24.353612970634483
10.645947761411813
27.704933907575224
11.533004773041606
4.187096000344385
36.502574570477016
12.663835105768436
10.649475100420261
10.302461378955222
19.785500200534308
13.305015464590522
20.01244907617275
45.032516350105816
45.35359020886113
11.545854783980056
11.666580094432975
16.77117963662564
29.532183997776137
6.783463636269831
12.762756206912531
18.111779063191698
15.761105057645999
6.75913630402647
9.523858609743375
7.423057080481302
13.389549220213999
16.832211427267822
13.309574028649983
21.648939440053294
37.616418852494355
21.40745520591736
17.1661376953125
35.741340181005064
19.434272835496813
17.310181280013886
20.992478533898648
24.754383688179125
10.595859774430762
13.878910584724961
14.058863074179449
22.171992808580402
75.36082650498827
8.83068320395358
39.9470748327727
27.490933737507362
14.202730072692574
13.198364485419027
18.182976622924663
9.826341691153804
6.057973598327601
9.201030568012008
4.613807189720449
1.7711520195007324
31.903470191222592
7.156840751342702
11.220723390579224
6.929472900193298
7.240417070439093
-496.8222051858903
13.3089954033494
19.328603589437318
10.891777093045803
4.594505302305118
9.880029683205814
17.711400985717777
10.299682617187502
3.9574680797810338
16.375472529324085
13.248017057776451
13.751596212387089
29.48028214199996
12.45364546775818
15.544891357421875
4.7831720427958055
4.910489533852534
61.6867657317643
19.823468462939765
27.15198198954265
94.48576718568803
23.999011906748628
28.18584442138672
13.310373788193903
142.34246906074648
42.66628395675312
329.78513525810985
144.01718949277154
167.73071990769216
91.27786841407854
940.5987105893226
334.8988854415261
22.173209451815865
104.17938232421875
44.78618875145912
304.766627977173
33.259088770021734
4.617688316356601
36.824449823755785
259.4728022813797
263.43464851379395
72.18331098556519
16.14236389857674
16.97088681430614
25.140187392025837
43.91479492187501
70.4193115234375
28.333663940429688
-778.2669241229694
11.665067097294386
75.36417131407524
506.35902724789713
79.345703125
65.89757624142632
44.193267822265625
22.522608439127605
2.44140625
156.25
55.54199218750001
156.25
23.49853515625
15.946141098134428
24.68390266100566
11.25335693359375
119.34814190726374
6.961822509765626
101.98884822117789
34.7900390625
-1214.2666164322925
21.968795517265754
65.05732103013779
35.91971815573441
30.917138038361994
17.90510123684614
80.95351363444009
28.4576416015625
36.064082549273735
23.929153931376117
64.4126977566005
21.635691324869793
12.363097061299616
17.256665399246337
35.74122125935658
10.729283334495834
59.66364178311778
5.851292453536933
17.604827880859375
40.897107784985565
14.744680884998589
30.252325865149032
117.19697492662819
32.44484401199901
54.931640625
81.48193359375
78.43017578125
20.305464768880164
7.2418153285980225
5.150213837623596
91.91692465295395
12.39776611328125
6.8959623264769725
32.25532924024052
83.0078125
14.0380859375
9.448619149474887
28.991699218750004
28.600291773020423
12.67369014861681
35.35151481628418
23.74880219905197
89.2882780613878
78.43017578125
10.318308946684887
34.71374511718751
78.12261381349828
13.712337037166064
19.19873011093502
14.076232910156254
16.016474870189104
28.327716201110647
67.3475198667864
19.977836142462642
20.001790074620253
19.665388999405444
20.153045905679797
28.354572808710238
19.970847813557906
135.97497186216597
45.72108582618045
33.19319618275582
4.943175017710152
28.070089682401804
9.717742989021348
10.544568444301017
5.236128082089539
10.167765961117214
13.245529044964623
11.281019654177097
2.769153007442276
11.30647410686741
19.83642578125
28.729579711468016
3.0968997648845518
3.0968997648845518
58.68268454042902
25.722503662109382
65.58271802404523
847.7983895598751
72.01001869923685
22.54102006554604
15.122338762663308
25.850931803385418
11.771202087402344
19.20436477388491
19.747733769001336
76.82284712791444
12.183972670759003
73.58663769174413
26.85546875
3.1462465813837714
27.870178222656254
5.500335246324539
32.432300687820295
101.95788170676678
23.62144179642201
57.71094451207567
32.56770979791103
28.729579711468016
5.112489038298442
8.019746536403876
18.47817416731194
28.15395593643189
31.29024058580399
7.575469404429093
4.216455854475498
189.208984375
32.18927104574984
10.012006878319283
0.152587890625
55.54199218750001
0.6103515625
1.6081333160400393
4.9591064453125
7.738590240478517
7.822560146450997
0.0
15.055772648082666
2.604126930236817
30.95436096191407
15.421691432941074
1.239776611328125
1.9346475601196294
26.77247808606743
10.277673602104189
19.978832453489304
69.81838142445008
12.396751633490368
75.19531249999999
60.11151306792294
63.15104166666666
13.529459635416664
17.57375397812896
19.63129137746162
9.765625
12.254714965820314
0.152587890625
39.0625
2.4700164794921875
26.231888732545336
16.693533398211002
11.055056469246086
71.2937919654334
7.841972979537057
2.4340806275524955
30.347983261871644
4.711650693011471
185.90092024899042
69.73645743269698
806.2590125392574
361.8759012539258
159.40322162305662
226.4675498008728
136.41628358663286
71.13006369776802
321.7140248468685
37.555694580078125
91.24094436627267
97.65625
51.00801058708588
2.876394255620578
10.990532236654856
152.45437622070312
443.5253143310547
88.8368136759276
59.79701744549505
10.540799298564245
59.82892776785585
13.211891560860703
28.74527484686847
25.658607482910156
156.25
27.66926214098931
39.0625
625.0
625.0
63.73598703663232
39.75162777948933
56.15234374999999
144.22607421875
61.6302490234375
62.02554702758789
17.256070632936286
4.2092496005352595
79.71825849381277
19.84712294477839
110.93388967231849
36.052703857421875
37.59765625
190.6630536541343
15.552835427149184
37.77943018363135
45.18956574953881
31.832751557533623
62.56124292191197
11.482822738436559
39.782987171529044
150.29150892334053
312.5
322.85848162567567
95.8251953125
1328.125
625.0
167.388916015625
9.765625
78.50795984268188
625.0
30.636787414550785
22.84023177056728
97.65625
63.69352340698242
183.7158203125
20.7169632513513
20.524194491488664
82.8678530054052
35.65326300593202
53.678870891312314
17.526681223732812
42.181555203836936
4.84466552734375
16.15199819207192
91.67480468749999
352.85731020320947
183.10546875
92.48345145460956
56.8133396119036
577.1484374999999
85.31980514526367
59.90482465973074
113.23024136292051
120.36774839673723
122.34567422328999
-388.2831306001823
79.99749281715489
39.56908242291119
99.3294757813372
81.29810377785739
74.54337626145131
65.89469763654269
345.0002873336766
97.0322612539572
100.55062874685785
55.792304822666175
23.819104919917898
33.74191478488484
34.422943589457724
10.906243733524118
5.118143667890838
6.839458603315903
5.0016571543336985
4.5420596928841315
18.3371476464056
13.382782993167282
34.904702933161765
22.534289027464762
6.0456544726846
2.477163358978441
3.7410524766052826
1.2159551823597197
8.992559265099805
6.431525169437988
8.290477805894612
2.3034733370576164
2.7910663864114778
4.487903851980101
7.820684505204151
3.3264869605325007
-184.1015384152509
8.573250140965941
18.88756902437548
9.890165856910158
9.704238150529097
2.9780990569955095
11.203918116745465
7.760312759671783
13.405179940450761
10.660097103964219
6.316880306933043
22.03234334533109
7.920021943097606
4.801083159404118
4.37065607480138
4.1552429955166
-134.14348738771545
17.626938647960248
12.676830264305414
21.839213070831484
2.259229234284935
4.465184445255804
3.2267938716137525
3.7347078543444465
18.740803043179906
6.779593781964198
12.945843312224294
96.47875660005093
17.091383857059004
9.09316158789921
12.84938904916751
4.144191560704609
81.83011427704926
39.05981681919807
61.70370281839491
24.11747618210199
8.210752421309596
7.4561031953483585
7.484045409751483
7.361019950798775
31.458526927153553
24.32520949995824
9.658159347015495
12.0961974206195
3.1464126317390475
4.664285659571325
4.573827901825408
1.2854557942377447
46.4077512428757
29.661981706528437
92.04294597674924
23.826742858923765
3.461841145016577
3.077176903028762
3.7176468165915013
5.375696037721211
-272.68298269811623
1.9617009673412986
9.599165933735934
9.62098513550845
10.086145253073143
1.0880659786831903
2.3138817075304825
3.084762040142688
29.26748398770781
12.513496465281458
31.226111572514004
18.04830759873379
8.556394478507954
4.337177082364246
46.044246885280565
27.505945031225373
193.10598836285314
61.08868590419179
20.175224018095143
19.67727042139832
35.29257549232674
3.326963831878775
6.521726207891163
6.5211548534689125
21.923633712376688
16.634275909154933
28.12624141609639
39.727106282249615
4.955265331960077
10.296744165368441
11.132165170730847
7.061872603699752
359.2195544078309
67.19330894697502
41.93686457037118
29.48654911768981
68.41416914689368
82.89946066280403
9.264047012813911
8.721619382842746
33.66882913973507
29.492245466587498
30.846253777924797
107.52156409679567
13.935150362371871
-114.67002126298851
12.884599206934652
94.86069234548901
