0.7517378351539226
5
AboveBelow
-73.91358900693272
107.2545315607165
130.9854552167967
492.45591494152427
285.26300691427514
89.41719958328775
48.076629638671875
139.68198936769053
12.32147216796875
19.8447351890897
18.62140479571526
71.9362443911094
64.1718695294999
37.19329833984375
19.64569091796875
59.54659871003103
85.60484093019053
89.46196102197209
15.2587890625
31.614303588867188
3.719329833984375
0.095367431640625
14.8773193359375
14.8773193359375
-808.9040120442709
122.11389957912385
27.847237057156036
39.0625
36.64398193359375
32.86965688069661
9.160995483398438
36.64398193359375
56.57831827799479
0.0
0.0
0.0
-2500.0
0.095367431640625
24.059772491455078
14.8773193359375
2.2902488708496094
36.64398193359375
0.3814697265625
1.5037357807159424
6.103515625
35.34924663466564
0.0
0.0
82.04261461893718
106.14215957846037
156.25
59.50927734375
24.4140625
9.765625
39.0625
39.0625
20.14704994739048
9.160995483398438
6.103515625
0.0
12.20703125
0.0
0.0
0.0
0.0
0.0
-2500.0
24.4140625
6.103515625
3.719329833984375
0.0
0.0
120.22892634073892
56.57831827799479
36.64398193359375
183.1217890694028
14.144579569498697
56.57831827799479
36.64398193359375
39.0625
56.57831827799479
8.931954701741535
3.719329833984375
0.0
14.8773193359375
4.867136478424072
0.3759339451789856
45.7804472673507
0.0
0.0
59.50927734375
3.719329833984375
3.719329833984375
183.1217890694028
42.42147363367535
0.0
-937.5
139.68198936769053
625.0
268.5546875
156.25
390.625
2500.0
332.03125
77.11728413899739
24.74988855066754
3.719329833984375
315.1512145996094
6.103515625
14.8773193359375
-1248.1403350830078
123.11397873538107
625.0
0.0
39.0625
17.08984375
6.103515625
183.1217890694028
1.52587890625
42.42147363367535
146.575927734375
183.1217890694028
0.0
0.0
0.0
0.0
146.575927734375
0.0
0.0
0.0
0.0
0.0
0.02384185791015625
6.0149431228637695
5.634680390357971
0.0
0.0
0.0
3.719329833984375
0.0059604644775390625
0.0
0.0
0.0
0.0
156.25
226.31327311197916
39.0625
0.0
0.0
0.0
0.0
0.0
0.0
0.0
0.0
0.0
24.4140625
0.0
0.0
0.0
0.0
0.0
97.65625
24.4140625
6.103515625
0.0
0.0
0.0
156.25
9.765625
16.152186795047633
0.0
0.0
0.0
9.765625
0.0
0.0
0.0
0.0
0.0
6.103515625
14.8773193359375
0.9298324584960938
0.0
0.0
0.0
24.4140625
1.52587890625
3.719329833984375
0.0
0.0
0.0
100.45313194120628
3.719329833984375
26.96990966796875
26.96990966796875
14.8773193359375
146.575927734375
14.8773193359375
156.25
14.8773193359375
36.64398193359375
35.34924663466564
0.0
-2500.0
24.4140625
0.02384185791015625
24.4140625
141.39698653866256
25.11328298530157
97.65625
39.0625
97.65625
9.765625
6.103515625
0.0
19.084930419921875
9.160995483398438
12.019157409667969
146.575927734375
3.719329833984375
3.719329833984375
9.160995483398438
0.0
0.0
0.0
0.0
0.0
1.52587890625
6.103515625
12.969970703125
0.0
0.0
0.0
0.095367431640625
39.0625
5.045413970947266
9.765625
36.64398193359375
0.0
39.0625
24.4140625
0.0
0.0
0.0
0.0
0.0
0.0
0.0
0.0
0.0
0.0
183.1217890694028
0.0
0.0
0.0
0.0
0.0
14.8773193359375
48.095703125
67.56895225831553
0.0
0.0
0.0
-2500.0
0.0
0.0
0.0
0.0
0.0
226.31327311197916
39.0625
56.57831827799479
33.17197163899739
0.0
0.0
14.8773193359375
20.181655883789062
1.52587890625
39.0625
-2500.0
0.0
7.0622232225206165
20.283124647523817
6.103515625
31.340916951497395
15.100359746683685
6.440321604410807
625.0
3.719329833984375
90.33203125
39.0625
390.625
0.0
-2500.0
156.25
2.44140625
0.0
0.0
0.0
156.25
24.4140625
59.50927734375
97.65625
39.0625
34.92049734192263
59.50927734375
10.49041748046875
6.103515625
3.719329833984375
0.0
0.0
2.2902488708496094
0.0
0.0
0.0
0.0
0.0
156.25
39.0625
625.0
0.0
0.0
0.0
14.8773193359375
6.0149431228637695
9.298324584960938
14.8773193359375
39.0625
0.0
3.719329833984375
6.568431854248047
0.0
0.0
0.0
0.0
39.0625
9.765625
39.0625
0.0
0.0
0.0
9.765625
13.427734375
21.209716796875
156.25
0.0
0.0
6.103515625
3.814697265625
123.11397873538107
0.0
0.0
0.0
24.4140625
3.814697265625
1.52587890625
14.8773193359375
14.8773193359375
0.0
39.0625
56.57831827799479
0.0
0.0
0.0
0.0
156.25
156.25
39.0625
2500.0
24.4140625
156.25
51.8798828125
64.60874718019053
19.996166229248047
1.52587890625
83.0078125
12.20703125
48.828125
24.4140625
16.124645868937176
20.345052083333336
27.607343397523817
3.35693359375
125.95016700967044
34.73107347138971
53.55669431805836
23.235366086109252
8.923282373830592
7.4283422874292695
4.061585647996551
1.166610670589356
-352.8718847794422
8.646637195285004
23.83918013803046
3.074858298835655
3.4471818139008605
1.2836590239576589
0.9728351316608856
0.552439686062951
11.812947893319642
6.454995509477232
17.4541150898628
0.8118998503181714
-1249.6570301124414
2.0032181492891916
4.3912814082269405
1.1950897570001804
3.8569710974787332
3.0422867500705824
11.611865351931343
1.3088803137844987
2.7437591004683926
0.5977030223762214
-2500.0
0.3869613647111692
453.96111681081226
92.68145739317137
-415.79360107606374
539.6798355057851
49.06603394036139
-570.068359375
313.95679572597146
31.079122153900077
1.5725721982495293
1.2969970703125
23.088598859960953
0.0
2.209758744251804
70.05623986113314
0.552439686062951
0.0
315.093994140625
28.918375301707663
0.0
0.0
2.913591451942921
0.0
0.0
0.0
1.1229951633140447
0.0
7.840096950531006
2.2697448730468754
6.191381835378707
0.7283978629857303
9.59845657407646
1.5478454588446768
277.9444415344331
38.05399333793921
632.5839459896088
12.235641479492188
11.32494164630696
1.2789766227672505
-623.8965278938622
3.4153893221701908
31.047178670927366
8.090338935085484
44.097900390625
7.755784761338006
1.2301194106026077
0.6452238275891258
2.1876406775929915
6.452238275891258
0.324249267578125
1.9001960754394531
0.0
0.0
32.051490388627066
46.16930081775246
1.4773713255991088
0.36287457892711195
-621.2460281471893
5.79833984375
19.04464983382224
3.4532546997070312
5.496286107846943
-1249.8471301067013
4.5350645293764815
2.5451077188429405
-497.2886598784569
6.973743438720704
72.96403494442671
1.5656229382320035
17.431905758007645
6.49617506750618
5.8571440546785425
2.3747362913297825
0.0
0.0
29.595179621722497
49.90678247307811
1.8757890251107248
8.094263261326745
4.330685566156508
2.0032181492891916
24.908555205911398
0.5054473876953125
8.342189248651266
4.5309215784072885
11.654365807771685
1.9603671391905668
61.57535272359392
13.45647060807096
41.96882247924805
7.26339372922778
13.395824021469904
423.2647240830478
-830.8648546225804
49.945759159309716
10.99828500632749
5.305504682454542
