0.7242921013412816
5
AboveBelow
50.549501714597106
-218.95897897767574
42.85990004277358
68.01233124189628
52.87329676111554
49.39920131176834
259.60176044868103
243.32571878201435
9.765625
31.84812426803142
11.94000244140625
92.93998281160991
27.328491210937507
12.313842773437504
29.884338378906254
33.102718624940664
154.55245971679688
12.763977050781252
39.0625
6.158437134015711
14.114379882812502
2.44140625
0.0
0.0
29.629965623219814
3.5285949707031254
9.765625
18.47148483996706
0.0
0.0
39.0625
0.17833709716796878
19.83642578125
18.47148483996706
2.9850006103515625
18.47148483996706
9.136199951171877
3.3926963806152353
3.5285949707031254
11.94000244140625
8.586558202902477
5.245208740234375
9.765625
0.0
0.0
0.0
0.0
0.0
29.806820187440657
24.4140625
39.0625
9.765625
156.25
19.83642578125
56.45751953125001
35.66741943359376
16.97540283203125
19.83642578125
0.0
0.0
56.45751953125001
14.114379882812502
9.765625
9.765625
0.0
0.0
39.0625
14.114379882812502
0.0
0.0
0.0
0.0
9.765625
79.345703125
35.66741943359376
14.114379882812502
1.2898445129394531
12.39776611328125
5.1593780517578125
2.44140625
19.83642578125
39.0625
0.0
0.0
39.0625
9.765625
2.9850006103515625
9.765625
0.0
0.0
8.850097656250002
1.52587890625
14.114379882812502
6.6471099853515625
9.765625
0.0
312.5
47.03171997271223
266.573828279989
56.1903932902165
-1458.3333333333335
95.95870971679688
2500.0
156.25
156.25
39.0625
22.857276285866003
332.03125
24.633748536062843
14.114379882812502
7.962031067007855
9.765625
625.0
39.0625
39.0625
6.158437134015711
14.114379882812502
39.0625
0.0
0.0
29.296875
0.3814697265625
156.25
156.25
39.0625
11.413574218750002
0.7133483886718751
1.3098716735839844
0.0
0.0
0.0
0.0
97.65625
0.0
0.0
0.0
0.0
0.0
1.52587890625
9.765625
3.5285949707031254
0.0
0.0
0.0
35.66741943359376
14.114379882812502
625.0
0.0
0.0
0.0
2.22921371459961
0.0
0.0
0.0
0.0
0.0
56.45751953125001
14.114379882812502
6.158437134015711
3.5285949707031254
97.65625
0.0
-2500.0
14.114379882812502
14.114379882812502
0.0
0.0
0.0
9.765625
2.44140625
24.633748536062843
8.91685485839844
6.158437134015711
-2500.0
39.0625
6.103515625
2.44140625
6.158437134015711
0.0
0.0
6.103515625
2.2125244140625004
3.5285949707031254
14.114379882812502
9.765625
2.306938171386719
3.707885742187501
1.068115234375
0.6103515625
1.232147216796875
1.068115234375
3.5285949707031254
44.831239127368605
217.43774414062503
107.421875
507.8125
195.3125
111.01704679162711
1093.75
29.9072265625
167.77992248535156
14.729499816894531
14.114379882812502
156.25
39.657397908558
26.58843994140625
108.8714599609375
108.8714599609375
375.9765625
-1171.875
106.353759765625
14.114379882812502
1.2969970703125
156.25
20.370379885813843
156.25
45.65429687500001
80.718994140625
322.5898742675781
625.0
156.25
39.0625
29.621124267578125
97.65625
118.44873428344727
22.88776954325537
7.4074914058049535
11.413574218750002
8.821487426757814
65.2151968744066
18.88776542963805
26.58843994140625
39.0625
6.6471099853515625
5.18798828125
26.852156346042957
5.18798828125
9.765625
16.30379921860165
0.0
20.9808349609375
279.23583984375
1328.125
330.3337097167969
625.0
319.55718994140625
14.114379882812502
625.0
625.0
625.0
3.5285949707031254
390.625
10.68115234375
9.65118408203125
85.18218994140625
5.18798828125
156.25
24.633748536062843
5.18798828125
14.114379882812502
11.949487428258484
26.852156346042957
0.0
0.0
8.850097656250002
20.63751220703125
39.0625
625.0
390.625
0.0
223.4069790446719
1328.125
625.0
2.2125244140625004
5.18798828125
317.3828125
20.751953125
1.2969970703125
3.5285949707031254
3.5285949707031254
625.0
79.88929748535156
5.18798828125
11.5966796875
5.18798828125
5.18798828125
81.48151954325537
12.779184083531922
119.62890625
390.625
156.25
156.25
156.25
39.0625
156.25
156.25
39.0625
0.7133483886718751
3.5285949707031254
0.0
9.765625
14.114379882812502
13.971328735351562
0.0
0.0
0.0
69.8089599609375
26.58843994140625
14.11855491998353
11.413574218750002
97.65625
2.44140625
8.586558202902477
11.413574218750002
0.7133483886718751
156.25
6.158437134015711
39.0625
2.8533935546875004
0.7133483886718751
0.7133483886718751
0.7133483886718751
11.413574218750002
0.0
0.6103515625
6.713039086510739
20.370379885813843
0.0
0.0
0.0
-1245.574951171875
3.1280517578125
6.130976379507855
1.52587890625
19.582043621792565
39.0625
8.91685485839844
156.25
156.25
0.0
0.0
0.0
156.25
0.0
0.0
0.0
0.0
0.0
14.114379882812502
5.18798828125
39.0625
35.66741943359376
156.25
0.0
56.45751953125001
35.28594970703126
3.5285949707031254
20.751953125
9.765625
0.0
9.765625
625.0
18.47148483996706
0.0
0.0
0.0
2.8533935546875004
0.7133483886718751
24.633748536062843
7.504267395132857
6.240844726562502
2.44140625
1.3055801391601562
83.0078125
1.52587890625
3.5285949707031254
6.158437134015711
1.6617774963378906
-264.2953055245536
24.25685359372033
5.348205566406252
6.469726562500002
7.319914354273139
24.963378906250007
43.661132614776015
130.51664602965752
146.0133339467707
73.73592681669095
21.499829011714404
20.456743759309212
7.608523647788736
0.7951877735279225
30.3053775035767
10.662294188133794
32.788181200730875
2.479104092428843
5.070550032920329
5.030458070704906
2.6139254292483054
16.202790822333803
-480.6804855664572
19.060770670572918
26.17027239586568
52.5665283203125
13.752524957211389
4.799510646328934
19.628667169147068
2.44140625
228.27148437500003
61.521530151367195
8.030044680250207
106.658935546875
4.697407577761416
5.132842566667503
14.12131986905876
3.814697265625
23.933747140927196
-500.1205751908399
270.18879347683804
226.35843629601808
10.292923876217436
13.229618791097161
3.400349088325515
51.8798828125
149.30649976505205
87.890625
18.556842524596338
156.25
42.69277624141511
8.036406173215566
39.0625
12.97818816950416
28.680165608723957
56.35028415256077
102.01983981662326
52.782694498697914
13.437874925633272
0.13246612744060932
0.5298645097624373
-1249.6922890810918
24.410585157263597
66.7572021484375
-829.8746744791666
19.83642578125
39.54629612093582
9.46592752966944
34.2018615163793
15.792785706568743
283.57838773129873
148.24638645948718
-326.1794702368083
74.94821581583726
24.504993996786673
13.421031109217738
-485.063011190844
3.201521741280049
13.247541266754665
14.620647123506174
68.20649717293531
52.01017392657589
34.477298900887305
11.431893251906654
31.56337729361993
10.348740456361398
544.7686669925494
94.86524080145296
-830.335299173991
68.06024483272007
9.755271695140337
15.455563863118488
6.221294403076172
0.9164254172283541
28.903242157425066
198.25337394042495
893.1534924044514
213.3565544569071
24.27691993007405
90.3423269994193
14.458290873476008
22.168441925871385
56.3144216890984
51.557866692165675
208.09279963902645
25.028597708945426
6.765396684824645
4.895373983670033
35.87462820441482
13.086414181002143
11.764005713485819
29.612515689619954
-830.0543874844093
17.335377759288473
18.310546875
12.703644197227373
62.29262673600727
32.018025716145836
118.865966796875
15.497994587750124
90.77284071180556
104.51634724934895
13.12255859375
47.16593086103346
37.20869353503956
12.09206051296658
33.49906590312818
5.845457081185289
15.57828783988953
25.489513804805974
59.25353202709668
26.26351444865432
63.43731772642335
43.682611109735596
