0.799304520615996
5
AboveBelow
-42.35382373210729
34.76619731594626
28.102681058986775
45.559502523637676
25.64231293951504
43.058439610364864
6.717885309197313
90.06097965245117
50.84098066023288
12.778739308911897
10.432191560437143
46.75692201901922
10.619708312838497
17.787456512451172
11.378751403733702
59.842789305142766
17.44554812750286
33.38050842285156
-832.4241638183594
11.701205951303166
25.9552001953125
21.605644687325302
20.751953125
9.687632322311403
12.248584202357703
15.096681210173886
12.273988675181233
14.032467167034323
17.435688177946123
8.729085171310615
5.945190787315369
19.814537227733673
37.020998575538094
9.593422041192385
14.852604175369752
8.342187508703084
25.837818781534832
4.7918188635162355
10.38254334967105
9.532617746411912
5.9276819229125985
12.507438659667969
5.016326904296875
90.33203125
39.0625
126.21403343620756
9.698793316522972
56.15234375
86.94328797174845
31.371966098912225
17.26594021289897
15.089003638296143
26.802499311955863
17.797478470940522
-822.9633168864284
138.39721679687503
19.145549017757787
36.62109375
5.523204803466797
16.736097470342408
27.869459469641363
3.1337738037109375
8.327078116549686
19.84106246350607
24.738311767578125
53.7872314453125
22.092819213867188
114.74609375
39.63470458984375
39.0625
13.432891124358695
33.87451171875
94.84291076660156
29.86983503141047
8.94555237781255
18.49452526141787
53.78723144531251
48.92873018980026
111.12403869628908
29.26368175675629
52.71911621093751
30.50100948825583
131.3093900680542
33.3550771077474
166.015625
56.15234375
39.0625
16.904830932617188
33.579811453819275
50.96435546875
16.321172316869102
90.33203125
56.15234375
22.079018192672734
35.19694010416667
22.315382957458496
36.512784902484775
22.118089060863245
32.24436817199618
-331.48807175123864
94.2132208082411
81.47169161114225
145.13709565369308
33.491613273476354
125.8087158203125
18.601093371703318
13.726281361665604
25.38170009212515
29.33588589405057
11.151654281522594
28.50597122284983
20.834464308098323
45.57450198464924
19.75090950037594
47.791800919979345
6.6145032754285635
42.90447695644095
32.6534112294515
16.021142793953587
15.101333459218344
82.65759564373877
9.746551513671875
34.50654117343656
25.560847020611977
20.448690946357583
2.6543465016099304
9.946757854801291
1.8610954284667969
27.85592918398809
20.070974642712684
24.4140625
38.522703307015554
68.95743011508459
15.555454625023739
65.91478983561198
25.477310021718345
25.54647742501423
39.0625
-1458.3333333333335
107.17551114540252
79.0672120260977
97.65625
156.25
38.645890322767166
193.53952522971085
24.92207144231066
32.251034776838544
317.3828125
352.1728515625
36.76626748027867
1679.6875
625.0
317.3828125
9.113200962579306
50.96435546875
625.0
22.379557291666668
16.904830932617188
20.594497521718345
71.71630859375
9.19963445458285
71.71630859375
-527.3437499999999
88.30420176188152
41.50247148105076
70.17512548537482
73.2421875
58.3648681640625
17.98375447591146
52.08333333333334
54.52473958333334
215.92553362013803
29.036064883546224
44.47713952095751
52.0439034416562
39.89632924397787
19.53125
37.118143426678174
33.87451171875
33.87451171875
46.178140341970966
43.9894214449894
78.125
41.934325581505185
21.884860277949098
58.84823821375333
157.80939753218428
41.76432331880057
102.13216145833334
98.62269633544913
82.9930936134803
63.468987358491034
11.935935777418997
6.022313087510087
21.555866277175394
8.438184298884874
7.031611820978451
7.493309822788339
16.462582980781573
24.18041229248047
25.71453708200455
6.5898895263671875
19.616484642028812
6.44515716838497
10.411739349365234
0.017881393432617188
0.017881393432617188
8.654236793518066
6.854319005854926
47.63200090331761
5.830072790034613
6.291866302490234
9.765625
21.37899398803711
2.3024827241897583
73.2421875
14.233798063756076
9.969820578893026
6.971433758735657
6.962510432145335
32.493472099304206
6.301393111546836
6.462549444191813
2.44140625
18.310546875
38.909912109375
5.45501708984375
9.72747802734375
14.83917236328125
14.774004618326822
7.493993522366762
1.2296438217163086
15.555024670357515
21.820068359375
38.960774739583336
26.49909178798612
20.554326965522545
149.21188354492188
73.2421875
19.993381942891908
156.25
21.820068359375
9.765625
26.592023109054594
26.592023109054594
24.4140625
18.09829896128732
170.5034573872884
29.249114107640597
47.47983097186952
14.983654022216797
20.696848211419898
5.123138427734375
39.0625
2.44140625
18.310546875
42.6258643468221
0.0
15.12908935546875
83.90489517262688
26.356913149356842
10.371208190917969
28.6865234375
26.24769556217935
56.0760498046875
16.406636075093296
13.216957449913025
-1237.79296875
18.310546875
21.010637283325195
23.810208105442427
88.26192220052084
17.289844680238854
16.164779663085938
14.0380859375
5.123138427734375
28.38134765625
12.190610663023755
7.610321044921875
26.287621457714142
13.607978820800781
35.026431083679206
28.938532334874473
85.26936909767949
16.491004571068302
15.180523095760279
15.300035492057974
14.415966148088781
97.57942623562285
7.118924744876997
21.203091710857635
16.8670758452199
23.06534930092852
26.759470088614364
518.428111278693
58.2733005285263
113.58839015855014
8.396307627360027
19.34447713817159
14.63941851812561
9.34318236914682
11.497358829971823
14.238674193620682
8.327078116549686
28.990037417279705
12.196600814128207
1.1444091796875
78.26805114746094
156.25
39.0625
7.247509354319926
0.0
29.863449455467347
12.16888427734375
9.765625
33.72979876981877
9.927684368473166
39.0625
34.79330695364043
20.751953125
64.39000135364134
40.511562838410335
37.81267096830149
9.765625
112.3046875
16.072591145833332
70.88310365881543
4.526635605085809
10.489567600128964
50.45572916666667
27.45893736410036
60.61446223830933
132.15612416091156
43.35497260380697
34.81005072880697
34.13023740340185
110.77880859375
43.4415509484591
851.3259446179426
318.28759354539216
317.48922500022064
68.4356689453125
170.5034573872884
1093.75
175.78125
30.84681715284075
118.21088338979473
172.74737358093262
14.229240010917925
29.296875
25.646686553955078
83.0078125
319.9008366568926
114.74609375
185.24341813520292
156.25
176.3979863880744
101.78186024523797
78.94518690890771
82.244873046875
37.30773925781251
12.484232584635418
10.115355214178567
351.5625
38.252804960523335
83.0078125
57.16180375644139
19.785738213753326
154.09081322806222
25.33806694878472
73.93599934310919
117.1875
82.27033254272459
17.739250726620305
80.16799200142157
70.12692302125845
423.87004566878034
75.43212893018966
12.547241580095154
318.1094932634253
131.3353219850755
288.3448572048879
149.23613383958403
129.43577225380352
-44.722639229054316
8.635654482887176
12.385410231488152
9.868975508128385
19.394747830983345
15.045077484651461
-305.3183256830205
11.933991074107873
4.3417118357576
7.289375117009676
7.016769361644037
2.4564759222396746
27.33097838277767
7.956440241325094
20.34823323203817
25.9276699582755
9.026466816727433
9.998772917670754
8.052487630613335
30.332821995681694
17.791292831736136
9.509835823763133
-413.713945393999
4.77515713589292
3.8470320309691783
6.769748171969759
6.067857708380009
4.501864606670027
21.451130024062817
5.61107362012641
35.805646683527016
14.549822232580059
64.06432298579038
-114.12958532000532
34.95363170386876
33.08797467894886
17.49063220067365
13.305246674852713
93.22996996956333
18.943837351419916
16.346362829886864
14.545292342170312
65.22577622573179
5.7615768112774886
18.31300426573559
33.22621624277176
109.57736921674443
-234.84115140611988
352.39263957486986
36.82756176806852
23.60366356184978
28.334126678228035
14.156299836982786
9.854078579159427
27.84374237836477
12.466686119248015
9.881555605183944
7.628928940053168
30.700565631760693
9.362860347839579
72.64465862647047
36.9482513094914
19.914051154030496
17.940715233040777
8.353290871157142
5.572793913641837
12.263776886668522
4.765901631752746
4.101252944991684
2.7776633729289286
11.595423178076054
4.5457680119876365
-201.71273339645384
4.04327714450744
2.681926507156112
2.5966656000632877
41.257190415657035
10.341276703965432
20.182390037800342
17.057005153965104
9.892609400539765
10.112541836122091
48.69054894090832
22.233541289342597
2.1684190965749868
5.8330446533512585
9.882591023930491
5.1202188657613625
-414.0421841601373
3.650192018180053
9.620244040371787
3.85439065948852
17.13236205248493
8.869347539898703
11.632808562987893
9.115680478287157
65.80564743340479
29.453755530478062
-218.18313683176024
318.38391876712154
15.784053820828337
15.744282284793321
8.534902574027873
44.78305698097203
7.257796759737787
42.56972296371229
18.33797000281326
11.57451516399359
31.392785194629894
33.78959891264348
20.911992898637237
24.824581688116968
382.9907724073944
17.779201734213178
299.6699667226006
37.28271639662489
31.599832484590653
24.84519230911122
91.11448925004495
61.386815054253894
18.45261588970139
26.790199318553412
265.3442342546318
12.16432207235476
45.007328533349494
146.98679614941102
78.69256920291467
65.81760516169071
