0.7313803376365442
5
AboveBelow
-114.38850651292883
68.35073592841752
-121.95051339006015
90.82188871569743
57.6853813633086
41.76202892723923
263.671875
54.87370491027832
23.919167342009366
18.088022867838543
12.036278134300597
139.923095703125
32.04345703125001
23.975372314453125
25.980813162667413
20.28329031808036
22.899082728794642
14.048985072544642
9.765625
44.032505580357146
5.07354736328125
2.44140625
10.386875697544642
11.722019740513392
15.087127685546875
56.896209716796875
84.6099853515625
58.47930908203125
21.152496337890625
21.152496337890625
34.7900390625
24.4140625
39.0625
0.0
0.0
0.0
39.0625
9.765625
17.08984375
9.765625
0.0
0.0
9.765625
0.6103515625
3.24249267578125
0.0
0.0
0.0
16.567707061767578
61.68632926797479
66.73177083333334
16.632080078125
10.781288146972656
20.132064819335938
7.419586181640625
2.44140625
1.2683868408203125
12.969970703125
2.7520315987723216
6.504058837890625
-829.9509684244792
24.730725721879438
14.048985072544642
3.757476806640625
15.004475911458332
2.7520315987723216
11.008126395089286
0.152587890625
5.07354736328125
3.24249267578125
2.7520315987723216
6.182681430469859
51.8798828125
20.294189453125
31.55517578125
0.0
0.0
0.0
12.761060025097214
19.83642578125
4.9591064453125
22.705472178924357
0.0
0.0
0.3814697265625
0.2384185791015625
12.969970703125
2.7520315987723216
3.1902650062743034
0.0
1.52587890625
15.2587890625
8.392333984375
0.0
0.0
0.0
94.573974609375
-559.3490600585938
34.7137451171875
75.68359375
46.95892333984375
43.9453125
317.3828125
81.1614990234375
2.44140625
21.66748046875
0.6103515625
31.73828125
2.44140625
17.08984375
0.0
0.0
0.0
0.0
9.765625
49.74365234375
49.74365234375
39.0625
0.0
0.0
9.765625
44.75593566894531
86.669921875
97.65625
21.66748046875
9.765625
39.0625
2.44140625
0.152587890625
21.66748046875
5.4168701171875
0.0
-2500.0
2.44140625
-1249.69482421875
12.4359130859375
21.66748046875
44.032505580357146
39.0625
24.4140625
0.03814697265625
0.0
0.0
0.0
9.765625
1.2683868408203125
39.0625
27.049250072903103
9.765625
8.82720947265625
9.765625
2.44140625
31.55517578125
0.95367431640625
2.7520315987723216
0.0
2.44140625
44.032505580357146
12.4359130859375
5.07354736328125
9.765625
0.0
0.6103515625
11.008126395089286
79.50101579938617
0.0
0.0
0.0
0.152587890625
3.814697265625
79.345703125
9.765625
0.0
0.0
0.6103515625
8.6212158203125
21.66748046875
0.0
0.0
0.0
61.03515625
0.095367431640625
0.6103515625
0.6103515625
0.0
0.0
80.66177368164062
27.16064453125
41.54750279017857
13.761520385742188
39.0625
97.65625
69.84683715156311
468.75
78.17586263020834
170.8014998213518
156.25
126.953125
1328.125
1562.5
90.33203125
10.68115234375
156.25
329.89501953125
19.53125
24.317124821351804
9.765625
6.103515625
390.625
83.0078125
9.765625
49.74365234375
2.7520315987723216
2.44140625
0.0
0.0
68.359375
4.2724609375
321.044921875
0.0
0.0
0.0
17.08984375
9.765625
39.0625
0.0
0.0
0.0
-2500.0
39.0625
-2500.0
9.765625
4.2724609375
6.103515625
9.765625
0.6103515625
39.0625
0.0
0.0
0.0
20.294189453125
315.0367736816406
323.85273608946216
82.4737548828125
8.697509765625
79.74624633789062
34.7900390625
31.55517578125
20.294189453125
39.0625
24.4140625
156.25
5.07354736328125
11.008126395089286
97.65625
22.705472178924357
156.25
0.0
44.032505580357146
11.008126395089286
21.893819173177082
9.708404541015625
17.711094447544642
0.0
21.499830816024676
4.673004150390625
14.038085937499998
156.25
1.2683868408203125
9.765625
5.07354736328125
39.0625
83.0078125
0.0
0.0
0.0
-2500.0
38.8336181640625
21.152496337890625
1.2683868408203125
117.1875
0.0
8.555821010044642
156.25
39.0625
22.068023681640625
9.708404541015625
39.0625
39.0625
2500.0
30.364990234375
625.0
390.625
27.049250072903103
156.25
625.0
156.25
0.0
0.0
0.0
39.0625
156.25
97.65625
0.0
0.0
0.0
9.765625
39.0625
156.25
0.0
0.0
0.0
9.765625
17.08984375
17.3187255859375
0.0
0.0
0.0
39.0625
317.3828125
15.004475911458332
59.2041015625
0.0
0.0
0.6103515625
49.74365234375
156.25
9.765625
4.2724609375
0.0
40.719168526785715
5.07354736328125
2.44140625
9.765625
12.4359130859375
156.25
39.0625
78.75919342041016
625.0
29.16726199063388
90.18662473202771
156.25
625.0
39.0625
156.25
156.25
39.0625
156.25
11.008126395089286
5.07354736328125
625.0
156.25
0.0
0.0
27.033487955729164
6.258828299386161
21.27753363715278
156.25
39.0625
39.0625
2.155303955078125
39.0625
625.0
156.25
90.18662473202771
0.0
1044.921875
1562.5
97.65625
390.625
11.90185546875
19.68979835510254
-820.1090494791667
4.253387451171875
16.4794921875
24.4140625
625.0
65.4754638671875
37.340799967447914
20.75013307260185
87.57527669270833
11.2152099609375
50.42630150204613
41.38579840006555
48.31096885402665
27.16020431757481
145.96179830999094
71.72883893511869
21.691123956672605
6.743538731595532
7.962449533787585
26.992136246789755
5.632921634480423
5.577556559586484
3.276051359868473
2.4903428739064135
0.6919841150859278
5.233576323745227
0.08283586299126046
1.6119703871935378
-202.55254721015285
39.82677330968682
13.058358225955049
7.519435452514536
-59.981302116250525
5.281390059397163
6.338626799295648
1.4159844857853965
22.534280035028967
9.965421355894824
10.669662015995463
26.998769575547954
5.475236578984104
3.976891230697107
8.768405380039425
9.625220838083884
11.993822502947314
-215.77549134483203
8.855436863852638
41.476248205248275
4.029540903232097
4.6986593110392105
0.9105108916968059
3.528300027371652
1.7006330085173191
3.818977010143535
2.420091635182666
19.614721595822527
-441.86304752255296
-622.0513197048853
-38.50258530035395
0.3493625567963411
42.10781245007446
17.198035580595615
8.369036876271057
35.153453884103584
0.566610395110941
0.35713676606587735
7.946794659831487
1.4069343618928536
237.09102184106288
90.66379384929299
78.29067172598252
46.00835747948569
3.219853654239066
1.588665302110995
-18.631382659850622
-13.738724497994523
617.5655316088173
131.65187441232644
160.38678494312077
4.429499039652679
20.87341169888947
158.94877031976785
180.5586221054002
5.830747700400038
6.124467596816352
1.3220356181150312
2.933886873330606
1.47271427697956
-1666.639054712336
0.9417647112064341
42.11235659885834
3.3862323941081423
16.078282061419298
9.622065990499244
5.301473387586884
3.03389603290902
4.26977198069326
7.040233270999838
6.49178198006118
2.214080572238268
2.3410358957689583
6.158286793121549
30.43419954154546
13.476061809618136
4.554013439053234
19.53705788201474
-83.54803394847491
7.360907227997722
318.76318893021715
1093.75
190.75216796197904
321.24831093864265
3.339676991739145
0.7306230932606435
75.71893287855987
1.2525540243704871
3.47207761848692
27.322431988102494
-787.3769461738617
208.6680645357852
10.421116182256158
19.743072089051545
-46.09041761876555
0.6237858742419019
14.48380737160715
9.672699389655936
38.46484986517808
53.68487204464177
3.1445736988897055
3.8757177829407947
12.162722463357909
91.1235947953617
626.0792470061309
105.70844394679176
126.31295647595267
386.2742922070697
4.719472746249805
19.081988479956884
-69.50609305640114
5.6081433692907146
