0.7382250867625186
5
AboveBelow
-135.38632616896004
-57.427597715221275
70.54326530921857
19.02287719490835
32.53149776094792
21.828261653238396
68.51478582588322
10.340196107548692
25.850334574692653
-405.68637981063756
15.81786072714799
-490.054785964856
22.232904843724363
23.936406321863654
22.61904634184787
20.500561291366786
13.809674590772204
28.34915816365232
156.25
79.23009397927672
7.133202995073764
8.924831212921577
7.08728954091308
0.0
11.801116064755174
8.661375304613172
159.92906914216763
17.79938272751081
10.17440709998117
8.924831212921577
-1248.779296875
6.588265269461264
49.10439849481918
4.787304622536881
7.388204956627122
8.924831212921577
8.896804753352296
17.195971227612933
11.759249533785008
19.53061922577968
8.022487163543701
13.007839500554446
35.699324851686306
39.0625
8.924831212921577
8.54476418144492
5.851578700332667
5.683118731460788
49.67140220105648
13.482887572126934
21.497871579783425
14.432758796465734
15.446383622468824
13.004661985358663
5.8746337890625
156.25
7.298720011021942
52.934248718277864
4.031517726784928
21.469605154000497
11.050972258923856
12.555122375488281
28.532811980295055
23.097851497536883
5.75668818783015
3.719329833984375
85.56365966796875
6.2659382820129395
3.719329833984375
5.981214344501495
0.9298324584960938
7.133202995073764
14.993588171282914
55.55747846503638
7.358752936852397
8.840751834213734
32.84898974622289
8.212247436555723
2.6038289070129395
390.625
156.25
7.57669438219325
7.4109830893576145
78.69720458984375
20.78033685265531
6.4262227968935415
9.345228106460787
0.9298324584960938
156.25
8.840751834213734
23.951625917106867
27.48492499714235
8.840751834213734
12.718841666190391
23.951625917106867
13.14113149419427
19.823830913451594
44.35858617778644
84.44804881511385
28.34837248094687
27.365335775041345
43.25581638233985
2.2101879585534334
78.40127349481918
-2500.0
4.9591064453125
9.765625
17.634244961893742
59.14629698963836
39.0625
35.363007336854935
32.84898974622289
39.0625
6.103515625
9.765625
9.765625
2.766251564025879
0.0
0.0
0.0
39.0625
39.0625
0.0
0.0
0.0
0.0
4.598600013802449
13.643622155690107
29.296875
8.544921875
0.0
0.0
19.250985404307194
3.842874992356061
8.840751834213734
2.44140625
1.1496500034506123
12.002419680356981
35.363007336854935
9.765625
29.29561345155936
8.840751834213734
9.765625
0.0
5.703171094258627
39.0625
39.0625
39.76583480834961
7.838046453705042
0.0
625.0
78.83789638678233
9.765625
0.0
0.0
0.0
11.065006256103516
156.25
0.0
0.0
0.0
0.0
11.065006256103516
2.766251564025879
9.765625
28.532811980295055
7.544394889084824
7.110246267993421
468.75
21.152074332342856
8.544921875
9.765625
89.59426841064537
625.0
1251.1156039016153
390.625
625.0
332.03125
16.585969900665333
156.25
29.296875
0.17289072275161743
8.840751834213734
7.133202995073764
20.300222294982174
23.40631480133067
78.42737062971908
23.4375
28.518694484139896
53.7109375
18.453183029542338
50.13277165763376
11.928481591543651
12.292255629206071
630.4701498931681
81.14746488798926
51.38067569229025
134.09746700111725
6.62322614401106
16.352080910645363
11.89156745870908
4.374848068227248
1.83097584072246
2.0378890136877694
7.32390336288984
1.83097584072246
1.83097584072246
1.1443599004515375
39.0625
9.765625
1.83097584072246
3.719329833984375
39.0625
9.765625
157.61753747329203
0.0
318.03250312805176
90.8295568640533
6.719675924008092
8.840751834213734
7.133202995073764
21.955323538607605
5.703171094258627
29.29561345155936
13.889369616259096
0.0
0.0
0.0
9.765625
79.345703125
156.25
56.45131958382471
79.50812578201294
0.0
625.0
9.765625
4.374186197916667
89.30206298828125
-1171.875
0.0
71.20768229166666
7.2223883605466135
3.4162521038819054
9.180704752604166
5.256351497438219
107.70113569580846
20.863388975461323
1250.1782240966957
132.61744196319748
28.72255734193167
59.14629698963836
9.765625
5.426266414529069
84.33392527513206
0.9298324584960938
97.65625
9.765625
156.25
316.0666014975369
0.6915628910064697
97.65625
4.374186197916667
39.0625
39.0625
156.25
23.951625917106867
8.840751834213734
312.5445560241739
40.28877262802174
0.0
4.57763671875
9.765625
4.211310297250748
20.751953125
0.0
0.0
9.303188417106867
15.371499969424244
156.25
39.0625
17.441511154174805
17.441511154174805
5.567509585737505
18.666585286458336
21.45268749617803
18.94611528231907
54.41427230834961
25.669299811852397
5.092117048445203
3.719329833984375
13.13259051896748
0.0
0.0
0.0
156.25
2500.0
0.0
0.0
0.0
0.0
11.065006256103516
9.765625
0.0
0.0
0.0
0.0
39.0625
9.765625
0.6915628910064697
21.955323538607605
0.0
0.0
35.363007336854935
39.0625
9.765625
2500.0
625.0
79.345703125
625.0
156.25
0.152587890625
8.840751834213734
0.0
0.0
9.765625
19.83642578125
9.765625
0.0
0.0
0.0
12.034373875293468
20.636343979276717
48.009678721427925
9.765625
33.108472291912356
1.2730292621113009
1.4257927735646567
8.840751834213734
22.93853682129073
9.941458702087402
625.0
0.0
1.4257927735646567
2500.0
5.734634205322682
24.4140625
9.765625
0.0
2.766251564025879
0.9298324584960938
19.600318373704795
0.0
0.0
0.0
5.228593945503235
18.027285113930702
316.92037591710687
13.631184895833334
47.4491327646797
19.600318373704795
78.43017578125
24.4140625
-1245.1171875
2.2101879585534334
8.840751834213734
79.345703125
29.296875
5.683118731460788
317.3828125
6.103515625
77.30655372142792
11.138916015625
57.391945039357445
2.446790555647264
13.687435100916261
39.661385623427726
64.0510731026432
27.50185884184787
57.482347720199165
189.70730404059094
65.06326599490075
135.62412406243948
132.36330528916034
218.22886268396473
-70.573501774924
-1.7471299187173683
64.88615282049952
-261.18187345114364
28.451971822043575
10.096877034698233
22.551702584476317
10.09140744264955
-241.93334176526943
35.84461863810658
16.251056102999815
13.992223981767877
9.502881189568868
4.922315609924489
25.30566533445179
27.303707290718037
54.38151464318032
9.238186595120533
30.730146487820527
12.916814732246683
39.860005954079256
9.624985199348988
9.30414907866858
21.05998992919922
34.1123814009143
16.618955560443673
14.84445403627447
8.130660841034809
3.230111075766091
14.236109999966313
10.348134691434087
6.561040142495844
26.20372643711101
15.021633416560402
12.679643488825745
8.924011945616556
31.74230456352234
12.537638346354168
20.751953125
11.6729736328125
26.267369588216148
27.81121758744121
6.7138671875
17.861260308159725
19.02262369791667
10.541280110677082
9.829050433996851
5.18798828125
1045.2041361067031
44.36197528885037
37.3850894447458
20.751953125
6.5132439208148565
0.0
-615.675882269347
11.522615157749291
114.76474684076311
27.880960107245933
24.961299739907275
5.6018020425524035
31.95835784973634
6.669430786090917
17.04610465356716
25.004075250824904
26.055726891713103
360.9961914457559
479.12970747331366
37.105588093769896
22.710164388020836
8.866134608742506
8.814176042743606
65.5364990234375
86.01928266594591
50.54008183499502
29.9072265625
8.528095350228575
110.24475097656253
29.40879794005912
30.30924839766869
-828.3897888956907
68.57681633145465
80.86569455485977
11.130346711264279
507.07592758790696
120.82177972621415
15.706281996323252
47.71683955347384
45.47476768493652
75.0732421875
15.015786242888527
62.81523903210959
15.60418433297685
5.234081434073018
20.134860908464063
18.368670123857914
9.936531315862617
37.28545476063761
13.942718505859377
57.54890495937099
2500.0
24.4140625
6.4682960510253915
95.47224383294791
45.662350308746625
937.4999999999999
58.59374999999999
332.4374929070473
1.2969970703125
141.4586924340169
17.293294270833336
63.30772451341127
82.60249836814593
169.2540976872291
323.28149872193575
38.40853141026639
17.43014922062091
71.98880860578784
66.18499755859375
82.26645845337967
178.22265625
96.52490115830338
63.122335489285355
134.76932632822422
88.99145544194177
92.63480191762781
35.4493972773442
48.7397890492236
-3.969845368920226
