0.7174020823004462
5
AboveBelow
-42.59217830236267
-47.71223399029617
-66.36498182957122
54.93272180604735
61.445695091897555
34.78788558902824
36.4990234375
209.04100876676011
20.394726428721206
11.602958492594318
17.38258294564587
36.19467928296044
-827.4968465169271
8.862813313802084
34.357706705729164
23.905436197916668
36.02323815223467
14.326016736023405
-1249.0408175757952
39.0625
17.08984375
4.2724609375
9.177525838216145
8.719542196818761
10.870449146065019
20.12498359162319
16.54511397814873
62.89795570135729
11.076806738748058
11.231695293231867
12.51220703125
58.833530970982146
9.765625
10.732014973958334
7.74383544921875
9.501320975167411
17.08984375
4.2724609375
6.008148193359375
9.765625
10.732014973958334
21.66748046875
68.359375
17.08984375
9.0789794921875
17.08984375
4.2724609375
0.0
28.17518441450029
35.35376654730903
64.18526683998913
10.860232335051403
19.481799355424826
16.383515127712503
42.928059895833336
3.0975341796875
10.248819986979168
3.9747546584582225
14.8773193359375
0.0
32.04345703125001
20.62145572204095
20.10939170458304
13.910929361979168
5.777034494611953
15.46181802296739
59.50927734375
5.636637518694114
11.9781494140625
24.417269791375066
53.10058593749999
0.0
31.73988489568753
20.229731287275044
13.5076723731633
16.06146494547526
6.491088855361182
9.765625
3.288216061062284
2.44140625
15.89901863383289
8.519398528700293
0.0
0.0
17.08984375
36.31591796875
4.2724609375
17.08984375
0.822054015265571
8.70513916015625
25.634765625
9.063650060583047
16.692902044610964
12.7105712890625
11.011759440104168
19.813537597656254
189.1771952311198
120.09938557942709
54.32128906250001
317.3828125
118.4844970703125
322.8759765625
888.4175618489584
80.693985134254
44.933800564753
6.586710611979167
2.6702880859375
332.03125
36.31591796875
5.5154164632161455
10.68115234375
4.6443939208984375
625.0
13.152864244249136
4.2724609375
17.08984375
1.2969970703125
20.0653076171875
4.6443939208984375
0.0
51.856485998662066
13.317954337337454
321.044921875
322.8759765625
80.718994140625
39.0625
2.6830037434895835
1.556078592936198
9.765625
9.765625
156.25
80.718994140625
28.076171875
68.359375
38.299560546875
17.08984375
80.26123046875
4.2724609375
17.08984375
4.2724609375
13.152864244249136
12.16888427734375
156.25
0.0
15.015089055572165
13.396739959716797
322.8759765625
6.103515625
20.17974853515625
80.718994140625
24.4140625
80.718994140625
156.25
80.718994140625
4.2724609375
0.0
0.6103515625
17.08984375
22.546550074776455
9.765625
156.25
0.0
9.706534309824807
14.622638060113676
5.18798828125
3.616015116373698
1.2969970703125
17.08984375
9.66500630090525
5.516252701804691
2.44140625
80.718994140625
2.44140625
13.335418695258717
83.0078125
13.84735107421875
2.44140625
0.774383544921875
4.2724609375
6.103515625
11.838277180989584
8.544921875
4.2724609375
6.103515625
2.44140625
4.2724609375
21.643865676153276
26.346842447916668
7.329657710224428
10.087754991319446
12.226104736328125
14.525941439041013
54.11443272374038
58.651803612733886
537.109375
16.391167458166365
27.414438005245366
40.116687798772304
27.250939442715236
139.28890228271484
4.2724609375
1.0926968285015652
3.719329833984375
15.2587890625
9.765625
1.068115234375
0.6103515625
4.2724609375
7.673459393637522
5.84199492420469
3.0954128929546902
11.022196489048529
17.20658370426723
9.765625
7.673459393637522
20.254927582810733
8.32170758534361
19.342768199846965
44.29455314363752
31.73828125
18.0656085540722
5.172785332120917
4.370787314006261
2.6830037434895835
3.0975341796875
9.091270289250783
7.9345703125
0.0
17.08984375
19.853379991319446
17.08984375
0.6103515625
9.765625
8.719542196818761
41.50390625
17.08984375
7.673459393637522
26.365592108144394
4.963344997829862
18.203612529875002
11.561075846354168
13.75579833984375
75.68359375
5.972960165568761
5.972960165568761
14.213558180378268
24.807368006025044
24.4140625
5.385496786662511
2.44140625
3.719329833984375
12.470011578375463
-1241.455078125
-1240.081787109375
37.474328114590236
8.9874267578125
14.144577676291444
9.32174373285648
14.8773193359375
4.963344997829862
5.6963946138109485
8.719542196818761
79.345703125
17.35687255859375
11.077880859375
2.111805726098952
1.0926968285015652
7.673459393637522
5.385496786662511
13.152864244249136
3.0975341796875
9.765625
12.39013671875
3.68499755859375
7.673459393637522
9.765625
15.121353997124569
12.263694260155367
17.08984375
12.12295068229253
3.0975341796875
6.67572021484375
20.687085177217213
75.33544585818336
11.048439239698745
14.601558833927307
12.655281593277103
7.237181777045841
328.9794921875
17.79926029041927
723.6862182617188
148.92578125
53.7109375
39.0625
119.62890625
24.4140625
118.4844970703125
12.416640917460125
26.365592108144394
83.0078125
112.3046875
0.6103515625
39.0625
86.669921875
39.0625
4.954549228097057
19.818196912388228
12.969970703125
317.3828125
5.121912275041852
4.2724609375
4.2724609375
8.253050863371255
4.2724609375
79.4665018717448
39.0625
11.57742076449924
10.268688201904297
13.152864244249136
19.8666254679362
2500.0
0.0
0.0
0.0
17.08984375
4.963344997829862
17.64004139239433
32.47494795994733
19.8666254679362
0.0
48.828125
4.341235642799291
14.466179741753473
17.08984375
10.68115234375
156.25
-1248.4512329101562
21.66748046875
63.78173828125
24.4140625
13.427734375
23.298865637633334
9.765625
2.44140625
24.4140625
9.237016950334823
11.845772619938547
15.2587890625
20.17974853515625
15.98358154296875
19.378662109375
214.46228027343753
2500.0
6.103515625
193.40515136718753
212.40234374999997
4.630406697591146
27.777716594231503
61.03515625
9.57489013671875
36.94806780133929
3.0975341796875
19.8666254679362
6.103515625
9.765625
83.94877115885417
34.07759411480117
9.765625
9.237016950334823
21.120286479973664
8.010864257812502
9.765625
-829.7136094835071
11.742287685000708
14.09947482999561
44.96256510416667
9.501320975167411
66.5283203125
97.66907916550026
-209.22314816532656
29.1654645672955
24.342580231039037
18.082882868683825
23.432791718786536
23.016951012719677
10.199982050739496
-28.19575296168358
2.6528159100909465
3.167984113737998
0.9965155284033549
-311.35383842377297
0.6777323241951674
-61.74960464992836
3.4304399477323595
13.154656401823964
13.390116712865439
2.056292832667474
0.8228495567594704
1.0198709253874025
0.42143797760759927
6.2276153901083635
13.336540586695932
4.572417433382149
2.9381314388442434
1.0362262479273032
0.6617512281230942
0.876734030875795
3.9785148576838774
1.4686778686025321
1.549529182565398
0.5233859516558558
0.4294845862834463
0.9291893460258721
0.4279837222575534
0.9032182097141945
0.18030705746358086
4.154339668788992
1.9368846002821285
2.220144973739906
1.937898319060336
3.0041424928691285
0.8824745621285051
4.370290233573338
2.66089509243242
14.04474872959737
6.036605035639767
12.671196279615874
5.31413086046721
0.7869625561102344
0.7517516634272671
-311.93804810147424
2.318661111605112
6.16331404297351
4.232699309543574
9.429269655784402
8.603033639135134
18.979918446826236
16.64430783440477
67.25618316801489
14.899508026683971
1.3933207714881009
1.4346642233259412
1.4880825260125796
0.6294846485177347
3.707831818820306
0.4252918716893459
3.4799307258699423
1.747037806195767
41.128183168620524
7.6460236296268755
4.700637633848559
4.693001834591987
1.9994277531443758
0.5209692045498259
3.702860732412345
1.9203692720315377
12.532817658979155
9.49468333072569
14.417070501411391
12.03809682774056
1.433378281470774
0.5925329756052198
2.212165460743435
1.9860802427556732
4.754928426881904
5.176758736596766
5.335048073182394
3.4112920064859673
5.6108971282059565
2.053881869902974
-352.36423834738474
10.856060717366182
1.3684405917842795
1.5220836202197934
5.038008648959457
2.338893982830573
2.10457150344807
0.9336538348846095
0.7871159843897875
0.6892228235676097
9.878114117857061
278.95320514660744
4.816961848437389
3.7341247831339732
3.120164612555918
0.8285527578366213
9.295181428911388
3.061863350219003
105.3305928174377
12.549044208014966
12.344564856706526
7.844326863511513
2.9834941856219737
0.4824041102858369
2.0233675491223853
1.3786409586513344
18.212423296369234
7.87073185853567
11.846626381052396
11.716920352608179
29.624561565435567
58.68062359005905
-253.47748612192404
23.858904048893965
1.8968103979042532
1.4543549698201843
1.2604524432160333
1.5013206700473811
1.7744388897540186
1.284237161356323
2.7709893927609386
-59.70173785374368
