0.7375745526838966
5
AboveBelow
11.181100496349007
121.95943923141641
147.4872762333554
113.13498935631674
170.87436218724287
150.98241659811518
740.0610870537678
35.35917379565863
27.47050300240517
45.75385475373636
59.63621726111761
240.38088967170742
39.33394640466409
56.864122077522914
91.61600194446082
72.53424644009434
111.7509456836538
47.618304090350314
126.53765224275136
109.04947916666667
20.881997214423286
48.53312174479167
37.7076915803554
82.95694986979167
101.85739529286705
90.20532738125247
163.31013720591093
376.0200349068401
64.48223385630608
118.6111400615932
17.07364322102515
25.361653275709575
43.6611227303281
59.76838962196903
15.408515930175781
21.25674080183075
113.54790785137428
45.79665728295822
67.45296950471695
32.27098357109797
24.929262332676462
73.2421875
109.4970703125
106.42794680836006
60.33316951818733
44.98291015625
40.16585280894138
44.63449927909555
106.1475028594335
71.77893593907356
76.30202296271584
27.936992545922603
55.365532636642456
54.64838583650634
130.45350710550946
76.62717967164562
20.671539629499122
39.0625
29.194786610712754
22.863896055846183
23.942772948322883
10.560989379882812
41.07382254941123
13.77105712890625
83.04146498449758
78.14225329631807
34.440040588378906
39.0625
2.811431884765625
55.084228515625
12.294888496398926
12.294888496398926
75.42718904580228
57.608184477348466
75.20226292821347
62.31881046910837
39.0625
39.0625
55.93910813331604
20.751953125
32.907554081508096
14.916502046563187
26.700337727864586
23.644694260188512
106.80135091145834
99.38557942708334
65.70368622362369
11.78589906544501
23.644694260188512
55.084228515625
26.416778564453125
32.837483233639176
32.4249267578125
86.4244622909974
38.34517204418717
94.72639763012468
166.19402425124713
335.8053389093513
194.72204087230313
126.79732640584311
122.04057864846817
54.23142354596745
66.78263346354167
104.07427303411261
108.4701362683717
39.0625
17.08984375
66.06050370016484
58.09783935546875
60.84198421902128
28.257369995117188
62.06512451171875
130.49636568341936
35.20489100304913
24.4140625
39.0625
9.765625
11.2457275390625
41.961669921875
39.0625
103.7548428577651
83.58264034129101
97.65625
120.10066736366892
9.765625
97.65625
625.0
156.25
156.25
99.1058349609375
0.0
0.0
54.688544968790865
41.30605856577556
71.0834298815046
31.73828125
125.42724609375
135.61236063639322
79.62244961942945
47.611044575570006
156.25
25.15411376953125
47.0733642578125
39.0625
301.16172507405287
226.80242649383018
113.677978515625
39.0625
76.42631729443869
236.533416880211
1328.125
625.0
133.32138458887738
9.765625
4.57763671875
113.79013458887736
18.310546875
11.2457275390625
24.4140625
81.1767578125
332.03125
0.0
57.6019287109375
79.25713894019944
41.30605856577556
135.61236063639322
20.760366246124395
46.35671774546306
18.151250357429188
18.049355711196757
39.0625
156.25
156.25
113.79013458887736
332.03125
185.33485276358468
37.35389507242612
105.6671142578125
103.10435976300921
9.765625
106.44986586911338
33.729566468132866
68.44631981368016
37.62920697530111
39.0625
28.375254737006294
41.866302490234375
103.82090674506294
50.0335693359375
62.28639461376049
18.973032633463543
43.99589129856655
102.39783451882096
768.8263588172099
246.77572403749474
264.5314377597773
172.21883491233544
176.18002714934175
348.0967410753563
78.125
81.73380047082901
83.74786376953125
39.0625
114.74609375
47.12745069493874
78.125
90.41897606368016
107.421875
244.140625
68.71125193957405
234.37500000000003
64.00691138373482
29.063542683919273
88.1732736315046
90.92952523912703
53.7109375
83.76903239508002
11.2457275390625
58.43770844595773
114.9178983398018
25.15411376953125
80.02454508276824
68.85274251302084
25.634765625
91.75341741356436
625.0
39.0625
103.10435976300921
60.33316951818733
9.174346923828125
87.2802734375
119.62890625
97.65625
38.79795936629156
28.6865234375
156.25
13.77105712890625
26.416778564453125
49.1795539855957
39.0625
27.70363974074523
42.022705078125
625.0
103.10435976300921
67.42955338024113
97.23157932360967
50.313572088877365
55.084228515625
67.42955338024113
28.870403766632084
41.961669921875
156.25
73.2421875
21.103421847025555
9.765625
23.897171020507812
67.65251569063344
0.0
95.58868408203125
59.112548828125
44.98291015625
26.416778564453125
31.646728515625
12.76407390832901
70.90735074446093
38.21315864721934
156.25
16.857388345060283
79.345703125
119.62890625
247.1684599166428
332.03125
80.78653092686244
85.01052856445312
43.054796390293646
156.25
44.61668547959373
16.040802001953125
25.15411376953125
63.995361328125
92.56020188331604
24.4140625
57.31988180251349
-1238.1776528699058
27.637481689453125
26.416778564453125
39.0625
39.0625
188.46004236366892
390.625
1291.50390625
119.62890625
107.66347249348959
83.0078125
864.2578124999999
1306.7505094740127
207.51953125
9.765625
39.0625
156.25
156.25
107.421875
39.0625
19.31068349389302
126.953125
20.751953125
39.0625
39.0625
83.0078125
10.49041748046875
20.751953125
39.0625
97.65625
11.2457275390625
62.339065715515694
156.25
39.0625
107.66347249348959
35.40159819185667
21.336589540754048
39.0625
25.8636474609375
2.6226043701171875
112.31917830228004
41.961669921875
39.0625
24.776458740234375
39.0625
39.0625
0.0
10.49041748046875
11.979596955435618
21.336589540754048
0.0
0.0
0.0
625.0
71.19348215071258
156.25
39.0625
0.0
0.0
156.25
39.0625
51.25968571553019
332.03125
34.332275390625
1291.50390625
220.3369140625
44.98291015625
332.03125
60.610485573609665
0.0
0.0
137.3291015625
50.3775505792527
100.91145833333334
90.2347725282689
36.56270147503729
82.95694986979167
119.62890625
156.25
39.0625
39.0625
39.0625
39.0625
78.125
809.3261718750001
137.01201689620166
227.18877894707242
54.4686474385206
625.0
41.45260376856235
28.759026899933815
55.59135665498877
30.568440755208336
167.5746554420108
68.0864659053542
253.2370683383623
59.427548489567144
61.4629259968093
70.76123566048336
64.02672672820965
-130.08691900566222
71.62032126249149
60.791825959520075
263.762681346166
47.44898480585592
33.57598568488102
34.217600685780816
83.74639079442309
20.82926847135019
42.378593040757565
52.15583211865014
137.82927556882362
23.445552382084163
33.877766035061114
12.74760399974701
-408.47721245970297
43.536523991932405
40.11045395126732
53.354827870641444
23.450880876278205
90.9156804650533
36.10813596844173
14.737114118690021
24.581611608167727
9.145816167195639
25.824602133266744
15.614081077338504
94.29866774596803
23.287986173235236
36.18915184207272
8.939780191414888
17.823659366876726
27.79790558976478
46.09926358406899
27.585440594126204
18.622535429717935
41.348092118209706
16.513499457528166
9.198187306879078
63.39993123050962
16.913630338805618
-405.0097006472778
19.154374983715677
18.080566097776092
156.25
25.179010517662118
10.583196252654911
13.691179746089063
8.46346215322032
76.02028729837724
69.2401125455981
636.995458153707
227.58314344618057
61.34159272610499
17.800542215506237
26.649414546906005
20.411140057775714
39.142314358597694
27.90480266813174
166.85792097161553
38.166342898294815
65.98285686638476
55.06805488558573
31.693003078691085
33.50349137155468
356.2277288864976
159.29196206336425
191.11891980495756
108.86510735396254
45.94791031520386
49.53566583734908
71.52981082291028
21.543651054078424
42.76334541324415
41.53820879358981
56.14375995634349
42.37632171570705
43.71541614796726
19.022925780728908
18.67647395625786
10.276089752775162
19.299254798135948
28.724786897980888
73.20848744231053
23.7636626823032
55.389732903592524
32.231101283320676
85.9838883588449
26.15786211048483
31.30278460573208
32.313173287033685
41.776918273278206
115.58151982231826
29.936109228867906
21.075555148413038
134.42808539297386
-382.3722720669423
647.9498744010925
17.877121214115004
563.3283422989631
514.0658469087555
16.127373414542912
56.92634909284261
63.20396267814117
11.395231998637842
9.455817290942415
21.235048770904548
24.23662256927554
22.236074316132356
17.32006966294088
13.649440964553586
25.419638642820306
20.582562274622315
227.74510913425024
16.659093759216034
55.080323679155505
479.36159792756763
72.22898801167807
32.57070583614934
124.64562452882828
49.32117442981605
21.203699710311827
16.536681332502198
348.67377444695757
166.32901146770422
162.66618199350305
35.15527448781043
134.80556428827035
103.20611379578074
