0.8208955223880597
5
AboveBelow
121.61382639538857
52.285466043371486
-35.72543743545705
161.27440797611274
81.9703139019172
64.63754261720963
46.51705423990887
239.8681640625
41.50390625
75.97181532118057
13.31244585580079
49.62221005946319
71.53903184003084
14.391833267691794
29.01104351769753
12.01629638671875
41.34623155989934
34.147845086114806
57.06787109375001
20.751953125
59.08584487435597
52.843537972347775
83.0078125
14.633362724756202
107.98928385347497
51.06608072916667
57.733665553529235
50.098349843358314
45.04889078771719
21.314620971679688
33.55525287289264
20.9808349609375
83.57445428768794
35.29647763243612
100.88045336171285
85.25848388671875
63.19586319721897
86.02448289965237
21.129036924956544
24.98070428768794
26.997320963368743
0.0
390.625
17.65648553768794
39.0625
15.798965799304742
88.87806036245655
97.65625
71.04682868717799
82.71867932411593
58.5174560546875
24.4140625
39.0625
9.395599365234377
39.0625
156.25
9.765625
39.0625
10.898908575375875
130.99310133192276
27.57570439907299
24.60294309589598
38.62849609167487
23.649533589680992
39.0625
16.707579294840496
39.0625
48.26455311670348
24.4140625
94.59813435872397
16.707579294840496
9.765625
31.185680958959793
7.232825259367625
13.781401135468286
39.0625
39.0625
39.0625
37.58239746093751
156.25
24.98070428768794
10.898908575375875
0.0
0.0
156.25
97.65625
156.25
9.765625
156.25
71.14177280002171
333.5375663398336
156.25
625.0
39.0625
10.898908575375875
239.90631103515625
59.36399977405866
59.36399977405866
468.75
156.25
86.008177863227
53.325719420024434
2500.0
11.5966796875
156.25
39.0625
156.25
42.0751326796671
156.25
24.98070428768794
97.65625
52.843537972347775
52.843537972347775
0.0
625.0
97.65625
39.0625
20.751953125
39.0625
0.0
29.9072265625
15.282031453364059
86.45640479193796
156.25
39.0625
97.65625
57.06787109375001
26.66473388671875
0.0
0.0
0.0
0.0
20.751953125
97.65625
90.33203125
39.0625
39.0625
0.0
83.0078125
39.0625
39.0625
20.751953125
5.18798828125
24.4140625
83.0078125
20.751953125
625.0
95.15454464902481
43.43472917874654
156.25
625.0
156.25
156.25
0.0
0.0
0.0
21.85671197043525
2.44140625
156.25
39.0625
156.25
39.0625
41.60213352243106
11.432409286499025
31.95519438881258
82.86995357937283
22.200743357340496
156.25
83.0078125
39.0625
39.0625
0.0
0.0
0.0
625.0
119.62890625
88.5009765625
119.62890625
94.59813435872397
390.625
156.25
156.25
332.03125
23.649533589680992
156.25
39.0625
231.8240105982663
78.125
66.08846452501086
78.92661624484593
86.54615251565673
78.92661624484593
44.439951221139495
57.137807210286454
28.785864512125652
12.55313555399577
35.39402575866578
66.93098280164931
57.13780721028647
1562.5
156.25
14.266967773437502
39.0625
45.51090672342572
16.075862866722606
3.5667419433593754
21.314620971679688
30.008999506632485
34.059089298049614
16.74773830610017
99.85097249348959
156.25
156.25
39.0625
8.514772324512403
39.0625
42.032596028559375
11.761088595905731
18.716674543388773
10.821819305419922
14.266967773437502
8.91685485839844
57.06787109375001
6.444950898488364
156.25
0.0
0.0
0.0
88.87806036245655
83.0078125
78.125
3.5667419433593754
14.266967773437502
30.284310362456544
33.02991048168437
156.50096331077174
332.03125
97.65625
156.25
39.0625
625.0
156.25
11.5966796875
156.25
156.25
0.0
312.5
625.0
131.78507486979169
1.2969970703125
34.059089298049614
43.43472917874654
-1245.1171875
82.3823861622562
83.0078125
103.11921437581383
156.25
24.4140625
270.8300418296576
333.68644056195194
97.65625
332.6593009970141
156.25
32.94626871744792
20.751953125
150.32958984375003
14.266967773437502
156.25
10.898908575375875
43.338035177107734
22.125244140625
625.0
156.25
97.65625
39.0625
93.67100391178221
156.25
61.03515625
93.12949975331624
39.0625
24.045273234038675
130.7760993777602
348.5107421875
891.6948106553821
92.7734375
226.10982259114587
377.9965506659614
39.0625
46.38671875
0.8916854858398439
33.295129869926576
11.5966796875
625.0
625.0
1171.875
83.92333984375
333.68644056195194
85.25848388671875
156.25
156.25
-1198.440392812093
390.625
97.65625
125.23195439907299
625.0
156.25
83.0078125
156.25
9.765625
156.25
42.28670336171286
0.0
25.779803593953456
93.67100391178221
156.25
625.0
100.88045336171285
0.0
228.27148437500003
341.033935546875
625.0
39.0625
83.0078125
156.25
338.9217689861739
39.0625
96.91619873046875
156.25
23.417750977945552
156.25
155.63964843750003
156.25
59.396418631302595
34.182761739607734
7.502249876658121
119.62890625
20.751953125
156.25
2500.0
0.0
0.0
0.0
2500.0
5.18798828125
103.11921437581383
10.898908575375875
0.0
0.0
2.715746561686198
39.0625
39.0625
39.0625
2500.0
156.25
31.973106163674625
169.49152449561558
60.65698930359969
102.83301934613677
32.94626871744792
124.9605019558911
32.173793713251754
156.25
156.25
39.0625
39.0625
47.61357035421547
1054.6875
119.19286535845863
30.008999506632485
364.0596071879069
96.91619873046875
11.5966796875
114.98541808276792
267.6582336425781
131.8359375
55.221982267167846
346.33382161458337
89.70747570211842
-34.10215113883219
294.379075171219
113.04258067368653
-27.35826037543612
168.5064272873996
143.3875199460522
53.96438906980546
150.72907698416648
47.74327331743138
97.9473100072116
36.394935511254815
12.922206880247147
20.62074607989163
23.077354496078126
25.474987245872992
19.45668205807348
57.526198218767426
17.607181826550818
80.31488236892824
33.96865672954962
31.667628620284304
24.362163865914383
187.30937248355795
72.6346404695468
113.38116416585062
20.45465989696433
28.526189131158308
21.64579354649634
15.543967157312409
20.369339679478035
38.304965646327204
29.903780244514962
27.905529460126147
16.80115584491028
69.2312088277605
26.55029296875
20.59046916627978
76.3854966146082
444.0564488062004
193.1931745002521
303.0487876058386
30.318373213479116
37.581587466467894
17.634530477072452
23.22250039949328
14.356379049842648
110.0003719329834
34.77488999062291
102.62248129375325
26.03807408912622
102.72323771016741
40.59344424275613
24.93384880287028
22.701602057027685
622.4431176832474
335.9389338228438
143.25145880381268
65.35277764002483
69.43699000793964
24.961920088708403
52.92463567941141
76.89474759657422
28.279121113951344
48.42871268472382
176.1288460209846
63.521907399125425
218.25964559984922
37.89566464307997
43.20612817645543
33.08922839678398
104.39832328409771
58.295217799439264
544.6374066215316
93.994140625
43.92081450635241
7.9046600604423904
56.03823405268085
9.066742570298215
37.84538626827306
59.41001150421416
50.85600243901661
104.2777584795355
93.79761443760742
22.188238855954594
13.828131517346094
37.14678899428796
62.60835756471564
21.052228145820735
34.440167536515574
41.63030725428541
27.905301542967383
37.165415238186434
-374.76830570069535
27.73257721346629
57.45357626958329
20.04643004256531
178.04319044956702
58.140314223276896
55.201286526749385
60.111784842271675
133.02415888504552
396.49492164414886
795.8165439630579
63.73056954171152
267.362409205402
129.5598854419968
-729.1666666666667
188.4154661699237
109.65872678348694
36.94967634087787
292.96875
72.80429204305013
58.50905036255217
90.64992268880209
52.962736032592765
16.490325197075414
66.31147815099372
52.98330451849393
29.230739569473563
0.0
1264.6153697847367
26.240516756241274
145.44819372849324
441.22216575301417
87.96908010931368
66.88547175044764
74.64506696568193
64.85809688249272
54.02103077043709
31.35151851539113
-133.3572950805262
35.145865804093994
16.581331268599232
175.9275812073256
