0
6	20	1	
0.04865207611352171	-0.09807171530685882	-0.1439134921544802	0.019792590164209943	-0.1676222276401988	-0.1381221680464644	-0.04133598880509575	0.19741724373160296	-0.18059255317200654	-0.11986352980836756	-0.1700333835364668	-0.003058477031626619	-0.15795737039864	0.03429567685801071	-0.15116008210447493	-0.16898457179330245	-0.17050663603255767	-0.19141523406320082	-0.0319785681013295	-0.18140530132044125	
0.1942022889029893	0.13604947280488894	0.13175098711596198	0.28478744870818573	0.10300700295741123	0.07141823038633575	0.40489597419639306	0.3279047460475281	0.040312999968757715	0.05166501724573602	0.07383079674065054	0.16434446590800586	0.1434697902373074	0.2048845911346993	0.014741244074025868	0.04338495758412019	0.13363023388676692	0.011431698869243107	0.45476718956964035	0.097641673180884	
0.3863496463481318	0.188517428003746	0.1965412232773755	0.3697019905316502	0.12394266499962972	0.237287553651981	0.29094193255416745	0.42254358978818424	-0.029827006422474867	0.12749106640916316	0.06812142707457403	0.24222457957428412	0.06810793578977409	0.2844982417901523	0.008867210794992305	0.027877562590529106	-0.00958952303554725	0.03743982675274508	0.25198483426603213	0.013295977078454995	
0.2097880248994611	0.015978934901073404	0.030916628330434497	0.13715123859155537	-0.053222083720755986	0.13487978418942578	0.3095423148216154	0.35866405323285455	-0.0014222548030550382	0.1303248291585426	0.0460897578063719	0.18876466331504144	0.06697947222730537	0.24919259048892717	0.03162448870122952	0.02619652857454168	-0.04929845246678056	0.005887464963238387	0.2925774089608115	0.020771635054355215	
0.041567767391074574	-0.12373562030036918	-0.032586574105455755	0.013672157086767445	-0.09739769605681947	-0.007824448640923675	0.5123364799289667	0.10455197894304019	-0.033280523023378805	-0.07544619793448315	-0.06934584840474907	0.023551409855779616	-0.044964408258152795	0.030325213097643154	-0.12343916579809079	-0.05610717644767848	-0.13101755404437793	-0.10172572525261696	0.41968089116731283	-0.0545948397367216	
-2.150624924759136	-1.5957666234312822	-1.5707525175002277	-2.1549138603241067	-1.426499699584676	-1.658875485537554	0.8920143218056047	-2.6470393298656543	-1.0214543124379045	-1.5592959195859655	-1.325802140403529	-1.9526192048914675	-1.4972579590274617	-2.111547453820392	-1.2419147794131271	-0.702034481978938	-1.2948491895311436	-0.8475259315581672	0.9523132554770177	-0.6618079348001759	
0.748514096915998	0.30236586310143526	0.2003883194105073	0.7937621701597174	0.16718347160476088	0.2694784462357128	-0.11062154960282514	1.1611729678022984	-0.11526044069678512	0.2292535383379115	0.016666363029863608	0.6024364294807532	0.1554680455182532	0.7470842093188909	-0.0013031702605574421	-0.08366397382689215	0.07684250762760766	-0.13848744196880264	-0.10675257604815021	-0.12463935918990568	
2.066647627393559	
1.3972414404123004	
1.341087264972243	
2.083409725777937	
1.1537701942782166	
1.4532354640442586	
-2.228389270690059	
2.6076746717085246	
0.5710167750701195	
1.349635332639151	
0.9759679552082812	
1.8394239336300884	
1.2528971925421861	
2.0269700873334635	
0.9101915103460788	
0.18358680258153867	
0.9868305300079783	
0.3745038861762315	
-2.3396268503725053	
0.14724999288058274	
-2.61802670661222	

