0.7157057654075547
5
AboveBelow
-125.60938642198526
27.828738095443004
14.410319051088864
10.629116008119977
21.916969352450554
18.83890680854758
103.11076511180535
14.988291504684907
19.92224551904952
3.9908178534415693
10.950824951641952
92.25488611832724
18.310546875
5.065178758321474
5.735876659552257
-829.3489854669391
18.204147634446436
5.682213649822351
2.44140625
8.749674396732678
2.314412424591585
2.44140625
4.57763671875
27.5619964246662
5.285472175202403
6.62428375437567
8.646816066006703
18.40298473938154
4.403338450126727
4.174055252919745
5.82390942185561
11.861165364583336
2.2478248331068453
3.129323323567709
8.393339285872953
6.431653350677629
6.836081080388839
9.765625
8.083231072203484
3.8932498723155344
4.956741093191904
2.44140625
3.768603006998698
1.52587890625
3.0803680419921875
23.154756175665504
6.103515625
13.485113287498717
12.376006029660623
19.14678657797962
28.008132004308415
11.336696547234034
16.83795475705497
9.906736202297793
-620.1485719364176
260.6201171875
20.796457926432293
7.32421875
7.212830741924269
183.42971801757815
3.3110312220674976
6.089340385898899
10.009009598029984
8.749674396732678
9.765625
4.892361995967994
11.077880859375
9.168654680252075
3.3831399449827093
3.719329833984375
6.621989641442067
6.621989641442067
7.438659667968751
5.042345249636856
2.8779771592881946
6.398634634906847
6.7424774169921875
3.719329833984375
-1248.779296875
34.20536976773292
9.765625
6.051829691594599
3.719329833984375
6.103515625
3.719329833984375
1.6856193542480469
9.765625
9.765625
9.765625
2.0943122068400672
10.76172419076708
9.765625
0.9298324584960938
2.44140625
3.0803680419921875
7.24701235133101
-303.83715495773913
16.13768929692008
15.266028396723636
12.439627605487107
16.272572033045655
99.02216682855715
4.398148419294252
223.38867187499997
156.25
9.765625
0.4839897155761719
34.2761201163133
2.44140625
4.57763671875
0.0
0.0
0.0
0.0
0.6103515625
1.9359588623046875
6.530486861778765
2.556164074997435
0.0
0.0
18.158964285872955
4.8022359582782705
3.1648673154755347
21.452173004505358
9.765625
12.725506466845035
2.44140625
19.83642578125
20.237345982202356
3.0637258649627945
12.410100891928312
0.0
3.651770384712832
5.344897894356632
3.5583203037579856
14.483013655405317
2.854135336017435
1.983642578125
10.22465629998974
2.44140625
7.425753570964156
2.5675987983662547
6.408646064136879
6.562546924989739
262.8002715667848
44.5556640625
24.4140625
364.81109575829123
156.25
35.990143980216644
1252.7331490994945
8.383829000538551
332.03125
34.20536976773292
39.0625
156.25
4.4536590576171875
2.605438232421875
8.506318675665504
46.33831611210183
156.25
2.1874185991831694
7.149609175578238
7.836309165272914
14.099464751390004
10.308466762886997
3.0803680419921875
20.751953125
-817.8850094691907
12.646273027299806
9.867350260416668
130.3453054279089
29.018592402025895
32.78744866073412
9.202745225694445
80.94938392880943
17.72587758023292
20.751953125
6.103515625
35.82441317848861
13.93720576249316
3.719329833984375
1.983642578125
21.390914916992188
35.82441317848861
12.006214925995405
28.093963302318535
19.26473994565515
14.39879401182361
10.736636515720535
13.137113315059526
41.50354351309503
21.295376341683138
482.3018194572191
93.42459017549979
57.609661778578605
39.184170577646206
53.084460108566695
82.279832445541
9.752105833921327
15.625555227567625
4.9319356653095205
7.102359577473573
211.74629700059694
-1248.9062907004084
16.864392105351893
51.05357494346032
27.688990250074617
120.57545486430477
52.936574250149235
22.935238291716413
0.6103515625
2.502252399507496
211.74629700059694
30.143863716076194
30.143863716076194
8.20698448331559
0.9298324584960938
3.638908267021179
29.64876779070538
7.608861601765068
20.751953125
18.703532197476164
10.3759765625
2.759512887059098
5.729048348968841
2.502252399507496
9.765625
2.44140625
10.009009598029984
2.471829324753748
2.44140625
4.675883049369041
6.133938699753748
3.719329833984375
4.901885986328125
0.0
0.0
0.0
0.0
46.0052490234375
6.103515625
85.941941820541
6.103515625
8.060257794294252
9.765625
10.6048583984375
1254.8828125
9.765625
1.7598941922187805
2.44140625
7.3337554931640625
9.765625
7.282471592428491
2.44140625
0.0
0.0
0.0
9.765625
9.765625
1.6260147094726562
0.8106231689453125
0.0
0.0
4.904026175305868
5.665356348502799
3.058910369873047
15.625555227567625
2.44140625
2.44140625
6.836006903445953
7.796174833049926
2.44140625
2.841949462890625
10.841327686597161
3.759131581899416
1.6856193542480469
11.454312804370081
2.502252399507496
2.44140625
2.44140625
3.906328085011208
-824.8257133455799
10.078410075678061
14.116964988692065
12.969970703125
26.58451618238663
2.0265579223632812
22.02087255815665
11.745340447203484
7.282471592428491
2.44140625
313.720703125
41.136010895130354
2500.0
332.03125
0.0
0.0
0.0
0.0
11.087862945964156
2.44140625
24.4140625
2.502252399507496
2.44140625
20.18981787065665
2.44140625
10.009009598029984
0.6103515625
10.683687599979478
0.0
0.0
9.765625
0.9298324584960938
9.765625
78.43017578125
5.09791910953487
0.0
1.5902403328153822
5.081592541601923
22.767634434987688
3.151130085623461
0.0
0.0
-2500.0
2.44140625
1.556301981003748
6.103515625
19.6075439453125
4.261319700089727
16.66660986197879
42.734750399917914
29.051854923864873
12.51220703125
31.351099625074617
9.765625
234.71664363743682
2.44140625
2.44140625
24.4140625
24.4140625
9.765625
26.092529296875
23.365179205467467
39.0625
9.765625
1.7472181636801345
78.43017578125
4.4536590576171875
2.44140625
6.5716772944388415
6.988872654720538
39.0625
78.53591628372669
40.0132741779089
41.66674795738396
39.68000411987305
11.872108228120245
314.14366513490677
39.73287437111139
11.978337908093366
2.3444820201977548
2.9562976625230575
9.765625
39.0625
19.55693226773292
6.820360819498698
30.67143364373974
5.347728729248047
8.324518252557926
16.02299614373974
6.6249632203116455
166.95269673202444
2.2339820861816406
7.774290004230804
25.73910740915744
7.032235217357757
37.54676211866792
22.31509536759272
25.777225133428406
34.59849385266334
44.607524732279586
33.42149544748502
33.26973779336808
-32.04042235727727
-35.00429000434733
0.6984664803534485
2.7212500400345756
0.5533337934469637
-249.65215175700087
0.4332979529144906
0.24570754654495533
4.246065990024366
1.113479861448006
1.2413872372763233
0.8069722966647167
1.1497130169572123
0.8068830237356429
3.6157777329058627
2.3866875486271892
-105.74268861296909
15.826240312387167
3.661806995606867
6.224545670724207
0.6784507054638552
4.051812123785674
0.5649072022848608
2.2121386031804207
9.716834796656421
4.470255238875508
13.203946544937534
11.487524393656678
2.3192318217889127
1.7478055885082244
2.630181294559665
0.5469640790751883
-133.44930837856845
14.754883356459173
14.191706041755921
33.2764855043343
2.4138131390417104
0.1405625446328598
1.2528263249300977
1.965236176675996
8.8726828087425
1.8211584030985866
5.288245618471545
5.159886668848766
4.327441424263866
1.3646107544312533
1.0862020396866694
1.3060038325560448
428.62206451571944
193.64450639604692
78.49648684245467
8.163662354957816
3.1482632169408107
33.8180998463295
5.846642507300326
3.439835254438758
-275.21187035425885
17.38155995473758
9.688468658968974
44.12251186499504
1.5048019956422078
4.666073614049131
5.675040258982744
3.9554839278603033
2.1404729978627137
0.6498114852669504
0.46993264557286196
1.5240066234396952
0.4320526033216453
0.6055038740889913
-833.1131930600719
1.341431660787823
6.676953927154917
1.2218738228838875
1.6040981879315617
1.8732612867003915
1.0856739679316407
3.0475196167285636
8.275914547281477
4.919566530828869
2.2581849586891956
2.808242219758286
5.538848839740417
359.89552587951846
0.8634728971005063
2.3365020751953125
5.598185816779733
0.8540539469835471
2.5938693318529227
3.040307098428084
1.4236363663060194
1.8029850975462975
3.4154974318754716
1.978269024772965
2.8813826061937498
1.281518920744605
10.676426367291565
2.7754334504308904
3.538942471413056
9.597641246426631
4.802676494417961
4.195889104773918
2.7295207491818374
1.8210155677692121
4.4657119304119295
4.993205269177755
3.0050145099643144
9.176605860527559
4.081270488167057
1.3487418547227128
-355.2200450936581
1.483881625990935
67.49620860426037
22.368987635498026
25.584578988468497
19.386297849518616
1.569525034501273
10.792140320055774
7.275212404858304
6.976990836561882
27.99339940090689
6.408125766550144
58.527447344488934
47.686583516649826
6.676052822631014
4.9288288437754755
12.0812929472404
6.434737545271275
