0.7480119284294234
5
AboveBelow
48.84332662357622
30.119737390032835
54.99500790913919
23.396445553205716
32.01718206380683
52.38479984125728
70.82421064677858
51.27697231199572
10.396425290730884
27.933868580269507
8.257446901284181
87.14728770872478
10.434006496562011
10.997519779466657
6.02716541102547
10.959038918288583
22.187482672695694
4.426115430840873
11.327695334511155
17.149669292791685
11.090646706442978
12.268594218383306
11.502338318938229
7.852769837413305
23.948369078291833
19.9736199738536
18.97001829725942
77.73188355994195
28.06190345036643
27.515927688625844
17.832818338427398
67.9441063832014
29.765083627016452
52.63914394665189
10.770239039803966
22.894245553025215
15.705691024839263
5.6507608312889905
10.484331268363656
4.127864037196083
16.615181591048803
5.284398630425171
12.970520843173842
16.666736872508896
6.539821624755859
4.566114729982604
5.396282512767435
12.662475981391637
25.26137686213024
20.102328790718676
34.87690716272095
73.90765739338738
12.579704293873073
12.436256342811802
30.531386534372963
53.36761474609374
10.32697812363876
3.732990808502308
13.530447239771966
17.026638378326194
21.408033858099337
60.48277188109491
4.058008392651876
10.98473866780599
15.375275785724325
9.922981262207031
7.552827906811081
8.435348669687906
10.459160299173423
2.44140625
9.765625
40.32135009765625
14.948548609265552
13.661384582519531
-607.999613689919
6.512775525276523
5.615977976880077
5.719526417554009
44.93384916016031
48.39834994823267
27.374577112213245
20.533213506878155
10.026784782055234
11.84047211283519
30.992167462356498
24.905335912888333
9.713704640349444
8.294969894608258
13.397210139275918
15.126580277595806
110.50270236842752
50.76764520919815
14.69731330871582
15.015602111816406
14.530279814541812
94.10858154296876
40.080835561311666
23.85049200275643
29.321374825500335
41.192906344326836
54.00761989226362
63.77053244466225
312.6822577582466
93.8590367635091
17.463515202204384
37.61469344167355
8.47514063920578
273.4375
12.011521831112516
7.6062450038471265
11.67133015028796
14.882758259773254
64.67307335583374
27.687064537261016
7.413016425238716
4.285977844891654
4.977925169999201
10.655471113660312
4.2504341701407204
19.744774447132176
25.030771891276043
15.692584876576703
15.273666101235401
205.078125
23.977531529194106
70.79245670447276
39.063311241644655
5.184223439626588
216.3117643070375
58.44752403898843
23.37635688037056
117.71321296691895
12.46302876204339
6.033561152912332
11.326240480696828
8.413526658433657
77.79254103307464
30.36044303676244
-820.0836181640625
16.81804656982422
13.628187801371162
11.389889174054197
10.551722169422888
14.279658648696412
23.763403296470642
14.661157781650633
351.5852822197808
35.352425496869344
80.56640625
15.982530573627399
180.34160137176514
28.019746144612633
21.70012151213191
12.112096452188712
7.836974365560863
4.812876383463541
14.114629635301513
8.9647201821208
22.786273024992344
10.71622186045871
33.97532635264926
6.818776436250143
6.933314468553131
9.765625
4.930368834999601
18.30158695141911
29.202034338517795
4.3437954399994005
110.68943933940227
10.787799928268788
14.550977532352688
99.07722473144531
98.40594753827243
23.981638666656284
1251.220703125
10.510243096009448
0.6103515625
12.460947036743164
13.642220221774501
19.936561584472656
12.854276818433892
-830.0081888834636
8.265607992915196
8.435348669687906
10.064369492105351
27.813672529299254
134.24137861645394
45.57879035518423
79.23918502525981
12.292055882073248
75.91855501464963
12.2301420391557
25.184186878740604
-239.64790047862533
11.496481218025194
48.585870796983485
14.646994919341443
15.99020648202094
434.7949543156149
274.14337306346926
8.85009765625
24.130706113301272
8.39401926431391
16.969776443349268
3.7113188576039673
5.405257484782963
9.094085734663611
56.15234374999999
58.94255826278666
6.445657323907923
7.90835162739695
9.921912793759947
13.456372323169852
3.814697265625
48.71675558593881
17.2402523458004
11.000280351953412
8.233388264973959
20.355167467030366
108.21042536401455
144.69290676165025
35.626026249541496
47.25242807918416
82.21308390299477
47.39491405210333
13.341612316869458
16.569835415876117
48.48880043882157
9.089330448753131
3.5858154296875
11.245567726189714
7.453714020536795
25.279919306437172
5.754845709284328
10.144385062733166
32.629147001210164
98.43228147403075
14.743254483696838
16.369625014155424
13.13928931910728
218.84182519796826
8.376439412434896
81.1767578125
3.2806396484375
3.2806396484375
20.046234130859375
-820.0833755402932
43.96677017211914
3.2806396484375
44.97528076171875
7.389360119501774
5.011558532714844
6.103515625
3.7636528493323875
10.41194424033165
7.72580454597339
29.415164673183533
21.36012325448865
10.883150001366932
6.933314468553131
13.851657719408525
92.60545714083395
8.11977061536399
17.100167452166986
15.98861482408312
15.161127412349234
14.741155836317272
14.905929565429688
6.103515625
71.6400146484375
336.6661071777344
316.6382461684164
62.68159300088883
25.585028860304092
7.97271728515625
56.71183268229167
5.624294281005859
5.2165985107421875
6.973625701150777
12.147166697239435
43.6988793379204
5.675980547439741
66.9434730398996
362.8460085529651
67.19013604458114
98.35441056944342
139.64613911215446
42.5289230305269
53.99633943013514
29.52745035333931
175.34877086701832
226.1473363922945
116.90737231893758
100.3296858775213
644.2032949618656
98.60235308993941
103.40690612792969
37.43145614862442
8.85820392936201
1063.8404250181268
4.312496771337283
7.577326381836102
5.8529023770932795
44.57721003779658
48.990992043240496
17.820102197152597
18.66555879540654
11.334982224667051
19.530554612477623
17.088816780237806
24.61012870904205
8.7861690453758
70.01236081123352
14.720245021110681
273.95784854888916
241.47319719490372
208.33333333333331
62.60989488332686
158.3099365234375
891.9334411621093
351.8199920654297
89.10974153083667
13.524499171134245
79.17642593383789
17.303297907672377
5.165810386339824
5.612853742146921
8.578223266437295
83.37988233113053
30.157089164076876
11.026516415790697
8.852930778235507
22.483792768693323
13.07395339655535
12.100473415526675
35.64067456111875
-779.8957824707031
33.116930992239055
87.2779250181267
864.3503898836318
405.584399367727
151.32957034640845
162.05412593022697
86.93560228075839
125.23441314697266
288.3513768513997
29.35409545898438
160.34046808878583
30.050413915887475
9.431838855621141
8.065259015118635
41.34833812713623
235.81345876057944
23.417877266183496
19.161381361305263
7.375869254065897
29.916067079628228
12.505900647611192
9.235719162991344
26.189484460732505
5.856315554204237
66.71537645161152
70.38942574637863
861.5620930989584
222.81150329991868
282.7705501774211
863.28125
264.19024997287335
254.43285770908597
206.70871581723682
16.31594355247175
168.51270631818775
72.59848679158698
62.09020869191202
19.1460770589334
19.48393463906003
217.80652391539323
44.098844918020596
28.3119929316355
-108.35733453995327
14.281735583015681
38.55018076601254
34.54255273147261
86.80079501838938
7.755295896785221
4.132129180185499
8.673584293865526
14.484303224330969
1.310334111129896
0.9363928376079546
-130.54530343087535
1.355693258842131
3.035354208476808
13.241054235937122
4.235096826626
2.264924181034311
1.7273879004919144
0.7588900541243018
1.1618964483572656
0.7617458308588206
6.813359295601383
4.4788016092037
2.2738982693484804
1.9594030270768168
12.63723381980698
6.339250459063117
2.085408615402006
3.5372947678242452
7.5727031124021655
-191.5081278631652
1.2589273126190585
5.63591382731234
9.953075271188805
1.4077290069002872
5.508572380808477
3.25513516360576
33.69071586334247
29.906931431772666
81.85694842617815
118.7313335730964
6.518376999217856
9.9674890707833
6.024280220916813
24.98840508622038
14.60150911131354
4.5536674719802095
4.529139156856041
16.661189877943844
2.610671450253917
1.2643470606758584
1.8922036199922951
2.2315552602257873
8.768057629781953
28.103543021613433
39.86845814630694
17.992928861929347
1.8565281830901053
4.390206898867669
2.899546957183107
1.8249375715393445
62.51954726617879
30.377065480701482
114.61661457693518
566.3889271906
1.0987613406195387
-276.903321373929
3.4232418397689193
0.7637734835605343
-56.38917982166755
2.7165188339588875
186.5082481165944
18.95267161889581
1.928586912665374
0.8339865611408345
7.860036474071735
0.7561789630251343
12.091695815966135
1.9486481278768435
5.504400177621088
4.040695642349996
2.0783875984838374
1.936510219061691
3.0968690553692415
11.275972872338583
-294.82174243190934
1.629040125533495
11.285437914559825
35.049025742834885
0.9615475660177193
1.012652451847087
3.6484318637336806
4.276744678055901
100.00012791689456
12.120744612977703
22.793320328575327
50.273031042337074
3.198462138114923
5.09471645928852
117.63467147506591
23.68296988806954
204.2879125108487
66.26095773361597
43.052100343665394
244.31535413717455
13.36379540595927
14.455814455973401
13.9170181582005
11.152204064235208
5.108616954476446
36.5072205052859
37.88356907863466
392.21937788345014
14.2141922182909
2.163617444870201
10.042585630770828
6.9110627896373
56.05563703726956
362.57453296403486
-122.71601812544105
98.80168822114166
8.800370430383579
35.897217490914876
13.443707966313355
4.837493212189595
42.70821831430309
297.37290000764796
183.9089185821795
66.00192726293876
8.190777651689887
36.96140875299937
11.16224194425573
-26.723035160816696
