0.8155146693187469
5
AboveBelow
-9.85125691618975
35.163615382043865
67.93583735158089
36.83913811428504
-3.1801364703020902
29.252968822814957
52.188809403168875
26.491513057145166
27.19225308754475
9.553064521948802
60.429667523544374
285.5010108838658
13.316394519611341
14.551205330975165
8.312409077643434
18.118363191301572
27.74178729471424
9.972627216993924
32.96037820948111
17.30514468099798
16.764834568889732
8.181383681067212
10.08123136125505
8.6811193498408
-344.65202736822897
12.398638066604681
23.89374305235294
38.292323596843566
8.311159073729346
13.529145152578097
20.116641199733323
24.298543081239423
14.252010538074813
6.4619689236590805
10.328438270282373
10.910815468529641
11.210422189800326
6.359557584497234
7.396578135381176
6.6403515806404645
16.97910128901594
9.49089990872602
22.196635149020953
22.31580283128478
22.114952405293785
12.575659381786801
5.140201928703194
31.101298438986536
38.94330443201903
33.078501592928845
22.218296670004282
22.75220271436151
23.999372074636966
85.94182040186651
74.8895378317684
62.391001243000105
15.300093788832307
20.295199184190658
14.851792253492663
121.0296286476983
11.796982940762874
17.75144781978461
7.22867390698531
15.769440378475789
30.784050506352088
11.195798700302678
14.801025390625
43.85082609951496
30.048668384552006
45.10516025940869
9.765625
39.49204303844674
9.765625
10.986328125
26.489751932065204
17.60868960849063
29.33602200614082
24.75899470505347
99.64577289106958
14.851888020833334
38.36309656042479
20.721911452707587
35.354097684224456
67.54883516717841
15.755116939544678
8.940772092580058
6.737991499928319
6.8263543878991335
69.4246292114258
25.11870861053467
22.76733105794837
12.680392856898553
10.384519894917807
20.30469951137851
19.67243953754405
45.834083214648075
93.3926114378681
18.418086381524613
35.528421329868834
77.6431119671353
11.05269242232356
43.3894411723158
710.0049658209558
9.717992668989552
19.61507646726593
28.540694080132305
63.00864361632646
546.1186397562395
9.526246759385764
11.971646758764802
15.89935457359675
12.808942004980363
34.949013338192124
16.122581130299732
12.155053700553253
19.26692232704165
60.28380415378018
5.786922312926708
16.82386672201242
29.742362622086986
17.11998516252266
10.851931798557082
11.960683951283464
9.831366514231746
8.402188618977865
24.4140625
10.456022348511157
20.804511176215282
89.31477864583334
7.746835549672445
3.298601395862487
21.984443068504333
8.488655382237862
11.558834737116314
8.438820640246073
17.199336247667528
16.713911192826096
8.752168914835206
10.27517647583828
12.544535176965972
33.98150672661511
8.872107168038687
6.95964718858401
11.025640210667973
73.78738721211752
27.560935864878253
5.601347234115163
39.0625
80.9326171875
53.7109375
288.0859375
36.73806289831798
63.78173828125
14.283716223761067
60.28380415378018
84.25325586875927
130.88661568951636
17.365972023121557
12.427149214485604
91.06776176349362
63.4765625
13.504712191981007
36.3165833965336
36.79789602756501
11.393903288330646
27.174629865560554
22.33602944761515
20.55366174542177
32.958984375
13.05998033947415
14.999563224495404
56.15234375
28.62263331032822
15.59102593580285
111.83230562083838
20.19710050943239
9.765625
46.10554377237956
12.265965342521667
68.359375
25.393228996938607
15.91639469067256
5.9430404306130225
28.73588367825112
27.834920656113397
19.39063729649341
112.62492315391862
54.07700687014748
39.093070925744854
40.58446155654062
47.0034380627869
43.78843241897707
100.18128659773305
56.936522020702604
64.12997944740721
40.89376057465931
77.42037210775159
39.70071905193281
46.65422353623379
138.41866260969107
40.85559112744199
11.710560080483951
11.895184700135813
20.406377071657502
9.466642280568003
15.440489387725105
13.572604056561351
28.131810529950545
59.739490102838296
17.82346991851489
103.2096168674169
13.948388281215436
17.096818008902982
40.62102618655348
19.730985164642334
19.625544548034668
32.64195245338286
13.40338294033981
19.57734118342669
10.70636718062487
5.0047755386481505
7.1935632589751455
8.443806032245988
5.751980794485284
117.1875
13.237889175024625
24.05471092338611
18.452406459295144
-607.4280635856665
104.26053099731668
34.06855457725679
15.121704768685348
14.263650642628775
20.775177635717217
25.910682460707285
15.293554567463055
37.920624852602074
22.030075489082975
26.12875674344219
31.312643646618778
28.8048561905978
131.6870178613398
21.72351477673248
65.28900223266749
37.211804404888944
35.23937198850844
281.10504150390625
330.83989289071826
66.53395107064689
97.65625
22.019750128189724
156.25
14.885097571499273
4.707940060783316
22.627443251321203
17.71317039202105
68.36301293864574
25.0053196290822
31.981627779943324
61.95068359375
7.476806640625
137.0955010255178
73.2421875
39.938484904511526
327.20715800921124
83.0078125
16.287275306672857
85.37659305665228
98.36089611053467
83.0078125
-815.4136869642471
90.05402155231596
78.59476407368979
97.65625
22.080257420829085
161.88716888427737
6.959288527726645
25.113664761795466
49.76785196959982
31.73828125
111.83230562083838
29.37522496439442
86.44286837795063
127.59060615458162
63.60710330384791
111.62852789016448
65.46155774529754
56.16392876595733
15.952823578476863
28.41256827505756
18.986030029676236
48.89037778211787
17.280430208837142
13.385336156638466
99.14012356748572
759.9830627441407
282.5164794921875
20.674668885822896
11.073552705402975
15.338954160481109
-610.875066369772
13.17551881946005
92.9963239779075
51.602191885428205
889.0944917996724
9.632137293616932
78.63747391783434
34.04196184009281
63.41192459998032
12.769831681838905
11.041131709435144
17.255003260597444
-828.0436197916667
6.789173121115239
58.16164420161239
236.81640625
39.0625
25.047987699508667
32.605749530731266
27.592505951159026
55.263837891911706
4.274341362640741
16.402358900665963
13.057105111067486
4.5112217991189105
30.347688911831256
13.044999940683464
85.7668921590128
17.70074526573269
12.570367979446866
10.715510966582851
37.17261910517884
54.40535957161655
14.267017897165124
31.87110781582891
12.755194870564816
29.530843098958336
82.95046737288168
1328.125
185.9445648431016
187.31217062702694
277.6336669921875
733.9477539062501
19.920399183216446
45.4592025719726
14.127084286467534
61.22112274169922
419.75553068603324
35.070800995210845
21.97265625
101.82209052442778
89.54329986339812
170.21179199218753
51.930337986885974
57.62654553193957
36.860867614267974
55.62818813454387
177.60253075827475
102.65877086038847
42.02204566910825
40.05638798332291
56.71639900193888
49.13330078125
112.56617726642163
62.36452370926384
41.47992858144519
185.92267758945937
88.64451672653959
66.437403815726
153.69512506554346
66.99374611800404
31.38969323381299
25.220695294656146
41.93671795209022
23.941401765392683
71.46755509908539
94.04711193780798
35.85228470731966
182.44519737283588
106.92349325792947
-39.63509532806276
59.004054218787125
64.8317928591571
41.24896814952731
60.79298715450284
34.21132326571144
21.060871379623222
88.8682739261207
5.582930581507897
7.824932813467449
31.096158301513135
9.751732179001722
17.242059342726137
12.19526110795152
-305.83076672903684
2.13932992290025
2.369638453102546
4.792650532753656
7.185949362950479
2.7192863261119724
11.32884771191055
27.658768041308143
26.43526443218745
11.287095917076723
5.085368174194122
4.409630541255072
6.135470499517873
6.517467715942051
28.48420393603046
23.520405018954182
45.57675575385434
15.1757007813424
8.505878758554838
3.6936597424372164
2.2298990151330207
2.0549127261151092
52.15848570453578
40.55066483278977
30.93677353926613
219.8171163317328
5.436787072658113
10.772124801596963
29.84641286375959
6.098124994756497
12.07685230802269
13.428032898941503
9.115410342884449
7.574279752598335
2.9918539173496357
3.196563763853822
6.300342518141455
4.217557729652897
102.01226058825156
24.31377817665702
20.104596434496024
34.08299765630269
-271.7500241061198
12.406723144242411
8.498813506443163
5.799722247906363
30.603187943140984
18.604367918993162
34.3154272653026
24.0956795092459
10.596282826593908
8.023174997511699
24.400544825839177
10.737799279477457
28.986243121940518
22.46253061467006
18.515481664864705
20.04624959570313
6.014024116162659
9.311400737815783
8.11441014786892
33.08095546095294
-201.74663148253393
11.607636004906677
9.272498233217808
9.279611693542408
3.354936900437823
2.805689718860567
-150.71509241510998
2.044738862047671
19.66433142551342
10.134091162643177
33.88347991940785
19.458575546325324
18.98305698500211
8.02266443355886
6.6548785202795155
4.38058301381516
8.168140355066944
25.832136269042365
17.773785933933084
11.128571694542869
7.285493596594995
4.537111974277958
11.387741348212021
5.15083729224453
30.1205912912065
31.19817895886853
45.37283536026932
358.57340423684644
-156.42973093184145
189.06714920038098
5.348092763531438
6.6263329227665935
-349.5926282388692
34.443575276108064
6.347388477597004
7.057690024229395
8.586947342376405
2.286379686746366
7.61577910294431
3.2304509699758768
33.861372627476044
311.7847032693387
300.57871334533843
79.34439536930155
14.53468611301031
21.078173544950438
12.39652430892805
4.813559550645074
25.60274069351529
19.57938760380073
74.99286426729168
29.559156209349826
9.164123164236905
9.32614945837701
9.223525364130694
-34.748721869163134
