0.7639165009940357
5
AboveBelow
-24.30973788628016
27.335003914535307
49.69839897662586
95.98756951230014
65.1966142905505
54.77828523887817
749.9434174976518
145.64514160156253
22.411893245691594
58.23540730644593
25.537657180196934
126.14554029769374
30.461619974015232
24.228534822492996
23.87341440746386
107.6568274767565
100.66271134799068
-293.02853158960914
47.40715026855469
23.358662923177082
8.23974609375
17.03062438008859
19.432703119910535
12.268154606563115
53.1301464007567
22.102558571851343
99.88162906370677
107.88171675964855
28.343543106797128
29.105527434872574
38.35338841677512
17.66204833984375
53.7109375
29.449462890625
18.882179110518287
14.801025390625
19.53125
21.115692835005504
16.579158091671253
33.450656467013886
87.61576086125046
9.765625
31.591030222909914
12.660693456817846
9.765625
11.348724365234375
9.765625
39.0625
189.61588541666666
39.0625
53.373336022944606
37.6275756810721
45.3948974609375
39.0625
171.1273193359375
24.4140625
22.01080322265625
39.0625
6.8071832904567975
26.568134466965837
5.25633692496291
21.997977623185996
11.851787567138672
8.2864041452284
47.403971354166664
24.99454748356259
8.115768432617188
6.7901611328125
20.1416015625
5.278923208751376
37.16788289970328
11.850992838541666
55.526467300935074
15.566490813958374
21.815979247091523
40.92216491699219
33.1456165809136
29.022010861250457
13.12255859375
234.375
35.36603260765631
39.0625
24.4140625
58.59375
83.0078125
17.654834219913212
16.10627476736982
17.930052595945828
45.13165760765631
9.765625
71.61458333333333
15.70194959640503
10.681152343750002
9.765625
29.449462890625
29.9072265625
217.44847974586236
85.2713825519814
49.69950027837712
276.79443359375
72.31375371392276
49.4785592573667
1269.53125
54.13055419921875
156.25
30.536651611328125
78.47964763641357
26.24537118691926
20.001613431506684
38.994683159722214
62.92485528522067
26.568134466965837
65.91796875
49.049779772758484
313.9185905456543
41.14717245101929
15.2587890625
65.91796875
19.619911909103394
11.348724365234375
60.136657836436385
26.2451171875
24.4140625
356.75048828125
66.79534912109375
156.25
51.116943359375
88.043212890625
72.93598914217299
9.765625
20.949840545654297
156.25
39.0625
9.765625
11.348724365234375
19.619911909103394
156.25
32.10338933705289
-804.467970732028
55.890650193605275
16.871594883567976
10.557174682617188
24.4140625
16.149282455444336
68.359375
22.9348416452284
347.09930419921875
156.25
80.21116256713867
97.65625
27.875900268554688
6.968975067138672
156.25
82.54902625154799
26.568134466965837
24.119560445819825
15.2587890625
0.30517578125
19.619911909103394
21.983738988637924
39.0625
26.24537118691926
61.03515625
45.3948974609375
3.814697265625
9.765625
4.904977977275848
23.996892378075035
504.1422100123839
43.108605071770874
40.46672386835071
94.6044921875
156.25
156.25
1412.279890111455
424.7652079200591
191.14771148898862
146.178517501032
65.61279296875
261.5295090717879
45.96536294925845
13.427734375
11.695670637878564
7.6307798735797405
443.7133150185758
95.59941355458244
29.693206940843474
46.269893646240234
55.62705594354381
43.09844970703125
15.14434814453125
44.54824659559461
38.59167746434842
30.96337343699166
23.44383618745284
21.91238695089112
18.48268759548381
23.683926455569683
44.218062585444606
182.91397499186652
239.3341064453125
7.365831307002477
16.689300537109375
13.064852050220605
15.691518783569336
34.53254699707032
16.689300537109375
3.814697265625
20.151138305664062
20.151138305664062
31.042098999023438
11.595620049370659
43.01298973760346
1.3756752014160156
16.689300537109375
13.064852050220605
21.576758283576424
15.245232754388178
12.009088749739524
28.77479828896086
25.621991059775322
24.4140625
26.097150076003302
33.09346083686541
39.0625
-1245.1171875
9.765625
8.479662286120107
9.765625
9.765625
11.296272277832031
9.647919366087105
9.765625
9.765625
12.072722117106121
27.90294587612152
5.817544922156602
18.339915934594565
13.118469481466523
42.43592421213786
42.15240478515625
322.418212890625
9.011979247766552
322.418212890625
325.7081278445248
625.0
217.71663966189539
1289.6728515625
317.3828125
14.801025390625
8.385075308892521
156.25
15.691121419270832
4.8828125
11.348724365234375
1.220703125
19.199953857293483
7.08739161246291
21.68570501020267
21.4385986328125
8.115768432617188
9.193683594313203
110.11111074725315
8.115768432617188
59.2041015625
19.53125
4.9591064453125
156.25
39.0625
39.0625
42.724609375
9.765625
39.0625
7.634162902832031
24.851885650839126
22.21153540137623
17.380086241781296
6.103515625
23.270179688626406
8.115768432617188
9.765625
24.851885650839126
60.581866480139354
76.79981542917393
29.106227864771068
29.77040935130347
37.49320884275487
28.11265713756993
78.47964763641357
39.0625
0.0
0.0
0.0
0.0
39.0625
39.0625
156.25
39.0625
0.0
0.0
128.92486744633752
14.019012451171875
24.966608594965052
1255.6743621826172
18.494595386246274
25.212019681930542
121.60786875972042
162.63365745544434
20.1416015625
8.116440167502752
47.37006293402777
20.151138305664062
22.903167967794648
17.454951837052892
156.25
19.619911909103394
25.027907721777254
54.13055419921875
91.552734375
20.751953125
236.968994140625
16.881258689037516
44.12263631820679
39.0625
23.219211609206162
6.294846534729004
8.941032583751376
313.9185905456543
5.5027008056640625
2.824068069458008
66.97356700897217
41.45801067352295
28.602381128744938
22.266284025535384
47.53147884189677
25.515522831120816
38.02776336669922
324.92594282541955
20.67499304040438
59.2196090888732
156.25
97.65625
131.24382856878498
122.46039522674693
24.4140625
625.0
27.400968920889216
156.25
12.51220703125
8.115768432617188
10.804070366753471
2.918243408203125
156.25
39.0625
18.939335215171536
19.896334538706014
36.79826401085371
65.76028719012227
23.687996602218067
8.313493204436135
195.3125
166.11735026041666
26.983390142116278
48.96039312173213
317.3828125
117.7978515625
238.03710937500003
134.36936800562313
1875.0
204.2063316182485
76.50722137519293
72.64455159505209
74.81197818679392
25.568506396458698
39.93469476699829
6.41653118544214
408.203125
93.37191565366679
104.1656723306454
49.592075540198486
95.06420083758671
67.50427120264064
105.81999663182927
108.8942630899702
-5.400937652993135
-8.124879307022416
141.5408850279083
254.8676020164801
9.704283814383334
6.615009690034298
-197.04698275480757
11.32494027153084
-152.25722090299556
13.674863644799796
2.5599363173337775
1.8934410073257353
2.2069359174495475
2.9497196452086696
1.579482202988959
19.145536266265342
107.24342533139892
80.7940090433074
4.633909177525248
62.19366383186225
-0.12149405511761213
6.819842600369732
-1.1525649109542648
6.307343331476054
7.348569573203344
6.087183479569066
15.230228689866445
4.24085858430227
1.3940523324581884
2.7908195674189145
8.858040025407728
20.6516491061526
47.84205071955005
65.82904189202371
41.0621526382352
425.72468010325275
44.34305060297802
6.804423351825021
2.3362609426455236
3.223188266727246
11.645496158496357
54.38042697660974
17.097156617705938
7.753156587391361
0.8634045504723428
3.0281410242120432
3.875054988693888
4.0296215751365265
474.01294227478843
247.14601755337674
29.355507628768976
8.029793920911347
17.281605555240546
7.997183776732471
3.050961441928209
5.12082463485946
43.748976965178386
27.509325649349343
109.85730462508845
18.87184000432238
15.752455408337617
8.32541758349063
14.965490938062256
6.58839079071843
23.66280337261173
8.064126114907578
6.113922852426714
35.44636502735814
6.941786406691682
5.2097286526516635
5.424872183004377
5.618281199432506
2.854028125603556
1.2350075510257894
3.6754951172788877
-248.92079575015367
0.4709721110052568
0.6491647822037614
2.9107257391280803
4.002490938314187
380.004334864643
53.92846981603012
74.23645070496987
39.53913248419325
4.876398669734584
1.7191221099370273
17.82427977223276
1.6251116350430708
3.011844765569272
3.2941829212359153
0.4934892053808754
2.112332477499855
22.35526893545075
2.693081119880483
12.9599671480763
6.683522805360245
94.5533792430223
118.97819834379739
7.591247558593749
0.7215636281887005
47.211664976143
331.40050963144364
52.771634476947575
37.67764608670128
3.2097685890815897
8.145278159921546
12.085748348090517
4.888288038073662
60.55335948564861
28.89296791210608
5.113210549987179
3.302381702197193
3.9950541300447053
22.011637793702878
9.43144116913232
29.790942071363865
2.484716854888555
8.164960815521365
2.6443967530684214
1.7670366202548529
6.9061517200909375
11.26500902209715
244.62170612926485
233.0711761273119
18.525858951787338
5.4253047314276195
21.295880676354905
14.510069887314089
