0.7834078489816195
5
AboveBelow
47.054288349088374
129.8052069651862
88.51388778905081
40.973687418884765
97.85464226518893
87.8855313445521
23.156037506878036
80.32045612479207
33.18621345492368
36.136651268215374
61.98820006195742
29.844150628489174
57.50489102159292
25.07069809281314
43.342969666715334
46.910205619429924
390.83274460163835
65.58082454283037
50.68448197775059
22.86472838562068
17.35238102810399
17.482512582490624
23.42120379785617
51.88147889471889
-490.158014805856
30.87733536119444
19.267626090269722
76.6519787484836
28.370741504153152
17.326512675672586
-410.7202413502776
32.19364328442758
25.75997981433974
13.471187308206213
28.428616085373758
40.67032563026453
40.5226927054179
-477.2467552902554
23.28029966356716
23.594722279084163
11.734802526639548
21.027256368566704
-611.9823455810547
101.96930287697194
54.019918883605385
14.374419348920735
23.220732127432807
33.79114967062378
70.14722176296146
60.283220090339896
59.188981897711365
-241.21682766111385
-250.3358347594018
62.356515080053605
215.06558923820188
234.37500000000003
30.098645458922167
40.07397081744638
46.21418366026265
86.7912205233142
29.296317088491687
34.304214617485236
73.82134008812955
16.799736288202467
49.74874802966349
13.730443248570705
106.11023390083572
66.22701652346964
19.505590990835653
47.584376394970626
13.0826641955253
20.751953125
41.15092657323443
30.959426641672046
23.06363995131518
63.3351834027208
19.308843381459717
19.3553844833706
23.51313829421997
21.25916932693529
18.64047907349369
10.415315628051758
12.441113830968032
156.6153378261169
63.24351723714181
-816.0906061604898
18.13806891032596
20.232743966382635
131.89682713768616
57.47823929877036
21.618361516418144
36.29145468233795
29.799873211635415
53.0312625535331
23.611881560090126
54.973246585244254
682.2901549937441
54.529969280730704
135.62274874332664
114.79441393353174
103.77093273169817
66.53687509297345
241.13949018088638
85.7463285810272
31.104767009369894
39.0625
104.81751937421801
52.282743068536135
14.09121535586798
74.94407635964558
50.549335162115696
13.30511137579846
156.25
36.42682483531189
37.4245707604351
20.18115276465461
73.39889965495391
14.762047286877145
45.49493916927906
33.19541490802757
68.49336046918872
20.305078491714042
13.427734375
70.11159807451696
37.900665703041646
42.28945681793308
48.02019406276018
68.359375
12.32147216796875
61.03515625
8.353772995093895
32.65380859375
30.87426186849494
11.643416132756101
50.25811655245829
41.07552610717886
41.87745802104944
19.153351521063698
98.60397414982617
32.28514401717808
56.016232906876354
46.842570184308
36.29597076963765
37.19329833984375
39.0625
40.870392009369894
156.25
39.0625
35.902697435539025
39.0625
113.10938096458914
30.98478767047191
30.941250983134335
13.44579209832896
19.750911242715397
39.0625
65.28519623212199
22.49144674862066
38.230900042419265
28.923941233247184
136.81595562934928
34.20398890733732
59.413698839989586
29.361425023041058
156.25
32.20244332492915
22.87697311606099
34.20398890733732
48.05705944288168
12.219861734811907
31.73828125
33.669922620573644
9.765625
18.162240816122342
110.56407727173232
9.765625
16.20260942728337
13.44579209832896
35.341100891857906
70.11159807451696
117.80256086757629
28.030888623762245
15.98358154296875
30.55393657924013
12.32147216796875
36.97489204654403
120.41194340627304
56.007466568376266
70.9364296442493
37.79574493954031
47.71400904369103
55.92630723399906
40.565664566038876
18.05830379203069
21.00430390751668
45.643211259744575
30.44985639194364
27.339154700133925
82.30190163829363
108.09759845439002
133.67779886503712
18.676507979910266
14.877319335937502
40.021503679500555
64.74887059005935
12.976421323757421
16.013118365607827
16.722051380971457
25.45950172338231
36.38226381427606
21.357388061361885
59.50927734375
24.4140625
28.519799341247545
8.073213725872108
16.18721764751484
40.539293472244324
43.890526241924604
37.586960114328676
30.00477569757973
19.83642578125
17.851756732308527
33.87284778120143
10.008681970145823
249.72423352173232
168.609619140625
23.486789416346546
48.671105663711046
24.321446216272562
12.540797036106119
16.018610090898516
22.319932802893806
49.591064453125
23.151408181346774
39.3823857886333
14.80424463826531
25.253987522352904
10.27807886191961
12.224935327055693
51.665587606506335
29.79175323349337
107.31257157506964
846.614832740362
26.466930920623774
55.26386105144569
18.836301600404987
156.25
625.0
156.25
21.115849069942563
9.765625
224.609375
25.8636474609375
18.146591737604467
27.60034610118405
14.226424114805035
16.55675413086741
9.765625
9.138448275243436
33.791149670623774
7.189534936430693
19.823418698763923
10.830859549371329
10.830859549371329
11.065006256103516
28.519799341247545
79.345703125
28.519799341247545
24.178112561248774
0.0
13.869342287370383
39.0625
39.0625
114.07919736499018
26.09391254470581
7.129949835311886
20.151556894468946
38.4703374449453
55.889167078025366
25.47929704937133
14.801025390625
47.9512286279337
49.18737146599561
92.36033306664174
34.46258962119571
28.5185335856583
30.067570147819822
21.399219738060857
287.5636482698004
25.794284612793
156.25
156.25
19.83642578125
115.03255898289109
89.0005729841429
16.57972404700558
458.984375
9.765625
28.519799341247545
95.35194403127765
138.5498046875
9.765625
44.014538342498774
13.0826641955253
97.65625
33.41944971625928
114.07919736499018
33.791149670623774
133.3160853109983
0.0
0.0
0.0
39.26338309973923
12.41423978743047
12.816356341683527
41.00695576116657
13.57875143673601
39.46426619947845
40.16053702380173
163.57421875
39.0625
39.97802734375
18.310546875
182.06565454346463
33.572341670691316
24.523002186798102
86.79049345976782
42.928059895833336
40.8935546875
9.800001877811043
37.70665969473075
27.87099407855678
141.11520515079508
51.09622942605022
33.8761062004306
49.517672436700806
21.591629821765505
16.55675413086741
26.52755847520893
625.0
390.625
97.65625
1171.875
225.28509845439004
130.08879879842823
26.439232631430713
25.308300950337348
323.91000098313435
39.0625
9.765625
46.21640760269879
83.90205095033735
0.0
0.0
42.32745176647009
83.0078125
30.969736558030498
46.32545219504968
62.987645731866415
39.0625
91.94550965896654
71.98603280968838
9.765625
4.139188532716853
110.56407727173232
182.06565454346463
63.58309532194446
39.6023011768144
728.2626181738585
126.92501718584562
92.82052444715195
80.17622834678662
43.9012419402758
31.799659708578712
61.027964249850555
60.336540065413985
214.45955882615783
65.90270033601274
459.10129619764115
106.10573520203981
93.3977499162191
75.36332300076091
97.21473352683523
78.07406808393893
-33.869808500738365
-63.141766838584196
-16.709197230783047
8.276130364428173
-115.46042587880723
-12.740521654640737
-13.85328917361235
-9.24374087324234
-153.33731379228587
-5.552948566370148
-11.910473734491246
27.274843592383032
-351.6175314805197
-356.45424637059045
6.53842585625939
6.414670805147312
-156.55408967156112
-9.058936408504376
7.631622653274356
34.7760090349377
-18.102650762041673
-5.143916134005283
-1.4648876303853724
-3.356917367636235
1.248226612962172
2.308736066249903
60.27357504678835
18.475054193669003
-0.18715242183514091
4.228406299901806
-188.47285099631105
2.5622137203262376
19.92029506864239
258.7751151854406
-6.226946355872335
15.356655867569183
18.311870370120154
4.92266855756745
6.840423163466559
-0.857361402869047
23.250872152015877
14.135352027169201
118.6104350792304
52.55393081899474
-24.19075961545615
3.3608222606436744
-17.42715650630704
1.5237127034248095
22.608992436654557
18.959958673464623
103.9353569728301
16.000919888958855
2.586036879966365
4.900548340544499
-30.75010969848664
0.971351785219779
38.46273418865573
30.686760428756518
33.308514094921875
10.089000763567281
31.984626236924257
2.5995223231302123
10.16830089972757
49.42796085729327
184.28147621241
52.03214964872067
67.67014976267882
41.271628772346205
21.54082061444116
29.43860818837264
36.312551967575445
9.976224995022715
37.326074471295975
29.456008751864395
114.89139854260654
65.29999335617032
4.911517531859632
21.77151857909513
10.958742413933528
3.1051516450019223
50.63392615600386
66.54368481137809
34.83458279487394
121.0679725641226
13.4180924018419
13.784512533960966
-19.466273878559438
1.9428566848924986
93.8065216792242
22.79412942824608
39.751602264012746
31.27090162518386
-0.38638724831351345
6.850168233312795
6.0581034485661815
6.218582901366459
21.336892575921954
24.383850219091414
56.73999741328168
43.215864754075035
3.4882448372307246
7.684399626057429
628.6031834951174
0.20690559702307265
216.48007817566395
99.86149523137057
65.91837708127333
85.57919941878195
11.53116601735418
35.53846660850269
16.288531036781418
8.21176116014346
508.77869594938136
40.082793515716936
525.7686727062434
121.58475925652851
10.928525923624438
10.079409968208532
16.349614945684156
7.221707569710761
55.4283543982879
61.710801115346804
298.10700859675535
129.3250390497901
19.163254632775327
55.39432147244387
21.658359387863953
104.73890463689845
