0.8128103277060575
5
AboveBelow
-75.59760773922063
29.191403915366703
16.112244614768628
18.737357175374058
57.03879359470019
38.25636937254762
-278.62548828125006
7.625195174966751
15.693724758469582
8.899301222779668
-410.184547946604
18.761361915189433
5.4549239575862885
15.667953274030939
17.419829964637756
6.556671997440426
15.50340579463334
7.446146965820444
53.38425748050212
6.103515625
3.7550460547208786
3.3186817766282997
1.239776611328125
1.8405914306640625
13.391243351194031
14.627032225296714
9.655735825715487
8.876748660692297
5.4931640625
13.286842006509781
78.125
11.145764729008079
9.765625
7.049792656639446
2.44140625
6.158305332064629
5.594609737675466
12.396176656087238
7.680117368837733
4.035603099813064
16.783829213026397
7.476107677521998
21.89747989177704
4.9591064453125
1.239776611328125
3.509102106513198
9.765625
7.249042391777039
18.490730552002788
15.061236034571358
14.411850635425226
38.20664761587977
13.440382871232192
15.287213027477264
110.77880859375
31.88292185465495
19.878968596458435
11.69078099673994
3.7550460547208786
14.952083001844585
8.431877940893173
9.944243356585503
5.2709446754306555
7.581524550914764
9.877802280243486
4.9591064453125
0.20824372768402102
1.239776611328125
0.7748603820800781
0.0
0.0
0.0
19.53125
7.32421875
9.135955223778117
10.203942656517029
12.564285392291193
39.0625
156.25
156.25
0.0
0.0
0.0
0.0
12.99001707453048
3.378303187572909
9.765625
0.0
0.0
0.0
4.9591064453125
3.70025634765625
9.551661903969942
0.0
0.0
0.0
18.862834685733834
23.633142115358737
6.848562067040457
7.839795695921718
9.020728733845694
6.136685055730595
43.97392272949219
7.9265807647834015
31.73828125
9.942936726972576
3.3318996429443364
2.44140625
13.01702330793211
5.721859633922577
3.3318996429443364
9.910672607876831
10.598711669445038
2.515313452197286
40.97193479537964
4.214797563821986
30.125376457969345
4.141769442526311
9.765625
4.828584349525046
9.765625
9.765625
2.44140625
7.32421875
0.0
0.0
10.203942656517029
79.40049283206463
10.203942656517029
11.145764729008079
0.0
0.0
10.379552841186523
3.3186817766282997
7.32421875
3.3318996429443364
5.335768219083548
10.993480682373047
36.23326619466146
8.238907338026397
107.25021362304686
2.44140625
21.377194766955654
6.953697221263155
72.44110107421875
13.863854110240936
7.32421875
21.628375397995114
39.0625
97.65625
332.03125
68.359375
288.0859375
9.765625
39.0625
156.25
3.3318996429443364
4.9591064453125
1.2071460873812614
7.4445409311958795
39.0625
39.0625
84.75301166375478
5.395719257649033
39.0625
9.765625
14.284420758485792
9.765625
625.0
9.765625
19.850123208016157
156.25
17.523765563964844
0.0
2500.0
625.0
156.25
-937.5
9.765625
17.523765563964844
7.36236572265625
4.10330535697256
2.44140625
39.0625
12.99001707453048
9.765625
635.8850002288817
106.0199737548828
55.48954010009765
4.119873046875
61.922073364257805
3.2997131347656254
13.868447539980618
82.33100057848114
313.39009602864587
468.75
112.19294506977542
147.4998041521758
709.4872169545852
840.458869934082
88.53281537691753
22.00656467013889
14.58245858833461
136.71875
6.861847778690425
12.33919698279351
8.170028793381224
9.813965824669415
107.66040533781052
5.777864716947079
14.321757480502127
82.19460646311443
10.649762116372585
7.36236572265625
2.44140625
6.3287170563421915
15.287984256701748
20.1416015625
89.32113647460938
98.06315104166667
47.74243260423343
24.4140625
2.44140625
9.765625
13.918617023880616
4.333960313278892
0.0
0.0
6.322674453258514
0.6103515625
6.101723605146011
0.33794669434428215
39.0625
4.9591064453125
6.103515625
12.712760928627631
7.36236572265625
18.92983913421631
4.9591064453125
6.7111915281620895
13.708975166082382
78.80089338868856
417.55735874176025
44.489767361180085
156.25
13.918617023880616
19.83642578125
39.0625
1.3517867773771286
156.25
0.0
0.0
-1249.845027923584
61.332692081729576
1.3517867773771286
5.206093192100525
625.0
79.36803041957319
6.2732212245464325
79.79094982147217
20.8243727684021
10.203942656517029
14.112293720245361
11.129447569449743
625.0
4.9591064453125
39.0625
14.007489110547123
0.0
0.0
40.815770626068115
10.203942656517029
10.203942656517029
10.203942656517029
9.765625
6.322674453258514
4.395970609039068
19.83642578125
40.815770626068115
10.203942656517029
10.203942656517029
3.832834772765637
9.262029780074954
6.689429283142089
4.9591064453125
5.737231113016605
10.203942656517029
15.331339091062548
6.7058776397834015
312.7288818359375
9.765625
19.545555114746094
19.545555114746094
42.13487849427559
78.18222045898438
6.956830620765686
39.0625
9.765625
2.3824580537276594
5.908285528839684
15.830698375881326
1.9429362146183848
5.299299955368042
56.94349606831869
322.27277755737305
33.366481463114425
27.152299880981445
20.826880773437587
57.460616032282516
12.217225102013165
29.296875
156.25
2.44140625
39.0625
15.48048765317407
78.18222045898438
0.0
0.0
19.604302942752838
9.984783828258514
22.692587226629257
9.765625
20.751953125
14.036408426052793
32.93752670288086
4.9591064453125
83.0078125
79.345703125
2.899169921875
9.765625
17.885569783175015
39.0625
16.921957445898563
2.4119321518638297
15.2587890625
12.623056326587035
156.25
9.765625
78.18222045898438
39.0625
39.0625
625.0
2500.0
625.0
39.0625
39.0625
78.43017578125
12.99001707453048
6.219688453711569
11.515127516129125
24.4140625
313.720703125
319.20090317726135
79.05556761639949
24.635540321469307
6.3682980835437775
37.58278489112853
13.948873771975435
53.024093310038246
7.76514410972595
156.25
156.25
9.765625
2500.0
0.0
0.0
-1244.8980286717415
39.93913531303406
15.619207018365461
10.203942656517029
18.921326845884323
17.045421667035043
73.7221414844195
2.8605711635356537
10.986328125
2.263647814591726
10.057836771011353
106.67557828128336
-477.73386590728967
40.05747015721031
54.761767387390144
11.974271271179353
28.459263433303157
12.131042735477491
-67.00123729264583
-100.53836339820884
-182.32336467169472
-13.336332882772531
2.8063260198931474
2.6478704149578736
-53.02922918724253
1.1439159983586262
-22.21684683480489
-9.902676495460275
-2.713430052940564
32.51904101945792
-3.5111761546917144
1.3021879803199248
-1.2445050741359918
0.3028510449214734
-182.19582338247181
-6.067147225387222
-0.13230030823820133
122.4158369769021
-4.21186365478037
-4.916373491906197
-7.38019407505081
-0.43287133013425794
27.31807049689517
10.710564563883374
-16.664589452964915
97.65625
-8.938388165297013
-0.7029691627285253
5.185420109366293
0.0
-39.36544924847506
-38.27368526854821
-19.330117278762586
41.38038609927016
2.504402329092234
-7.630494335715845
-4.648499475845792
39.301415464903585
-91.4665300487392
-23.568950331771894
83.02441412840382
65.72057575707703
7.3969090849242916
-6.928042160020189
3.384285505748505
104.04249919341981
-90.54649853837849
10.218242426154347
-9.234088192732628
118.88717107713558
-5.281397971489455
51.63959977471785
32.890857837966934
312.8373607796421
390.625
39.0625
541.0499529606556
322.85066092248417
749.2079310698094
165.08831242036274
-360.1449993541755
218.97501291649132
115.6944608694485
145.0885202522532
2.5106181180909917
896.9434475757093
20.763376245905327
60.91271005148279
56.544376331369335
42.46011799095096
-9.924122995006893
48.206916142242605
156.25
-26.81208080173284
20.112772679394332
22.045346584924292
-29.170320614636868
9.700109367623114
43.105587708203466
117.05995021724712
-68.359375
20.545984690672903
3.860367762437197
1.7116617717598528
-371.7081266754856
-41.862374519875104
8.117877525383225
-21.982073714768273
-2500.0
0.0
20.74168043746517
0.0
19.578843679443008
5.185420109366293
109.68548519703421
30.25202591464525
46.29619697833324
1.0223123514610701
5.002364119960181
90.9365749177968
39.36328305217248
15.383355424597136
75.11032739695324
20.112772679394332
20.346672574054825
263.68294275226924
7.864331357834088
40.205876374905245
60.454143472360144
7.718191757931336
136.33620646631582
48.060693529127796
1050.1423140106324
156.25
82.30246371637223
24.012872048659876
-11.593086750437752
8.730732287640867
88.41141166171599
1328.125
39.195313027230505
29.296875
15.309397095737676
62.115886936717644
42.026324245705965
-120.52443512278273
