0.7831924415713575
5
AboveBelow
83.15484106287367
52.59288727914231
73.02022554630773
33.67448393299569
33.731369322546094
80.15425574014218
475.5484676055167
65.73213738985142
34.78714246657945
24.995560676203084
36.98163225093282
145.0503002354352
62.29218785257579
36.200359747800185
45.85783545580305
95.63346100257513
101.74355769920358
43.48357038443405
42.31842705798671
14.495234642684943
39.6728515625
23.761663487348613
27.75124783903363
27.230105219675572
38.53718469339093
28.3905289847626
26.228172662220018
97.21848812463709
23.11624501666683
15.220839172557225
28.926039527949115
48.643615385100674
24.37952418616138
15.681606478608579
4.182724725632442
24.943609340342004
28.35382618350218
41.72390472286007
6.2503445640646484
26.986680112409246
13.307036480388465
12.843112092962736
-410.69248570807815
7.1747976677750565
7.816259779215289
4.251216071062637
15.925816127232144
5.446714801433034
53.703599901334705
46.78633221036698
73.100927160672
28.30992961443461
43.003775164788216
20.680722777911154
40.554439088517064
79.73098007041723
35.2487127557731
19.632950038058212
31.006475821375226
184.75247000136343
66.21747548795238
37.342611179159626
62.31863973977218
15.956699339924057
10.119688848056077
36.752305112409246
87.890625
13.408264020361994
23.193359375
13.846642443806548
20.9803625406627
12.934317946697035
12.738414952769295
6.218657111349267
19.753286976827084
31.225309460762816
7.646208172382412
13.156433384077612
25.83660803965334
10.48047012752957
45.56009675573691
7.608272443343977
12.320256087149602
20.853678385416668
7.639742524723748
6.93240329204478
7.666877842900533
32.50952175790383
18.632395276332574
9.16077439813174
15.106784604632358
10.22865183454305
6.235723081134701
16.216734183381796
14.170293393634699
15.04400146596172
97.58395963420463
159.17483093518538
113.62011830403753
131.7582803076304
46.54625168525657
46.2134927691045
288.0859375
25.634765625
30.749571979828495
15.640507000417617
30.24132070326545
705.56640625
60.80424346085192
39.348216405337524
27.40955195364321
33.18145153742718
189.0996893219278
34.82261102312527
31.54210648353562
57.39489125920792
37.795929681687134
7.014804416232639
19.6075439453125
45.60962451159689
23.345759919367463
38.76651109357324
69.27490234375001
68.80551658895743
19.882400717521598
18.258279183943856
19.135475158691406
9.441375732421877
22.199947121208055
12.289541976016329
11.73373393210824
7.146530492744323
-485.46719946903517
13.251822335379465
25.31750018808827
40.35281609409839
13.790130615234375
9.678320455080629
-493.84879471635105
10.747061509860245
14.686319156205514
13.302161885242604
8.029274362700995
9.754674203654446
28.888490934773138
29.886068821239128
61.78957181664222
19.747482547985655
34.908409144423054
11.241636628691074
170.4052734950904
24.4140625
13.326009114583334
118.33777705042263
22.94134910155447
19.11414325985489
37.06795828683037
26.676977123996032
13.22367886467161
11.546892694252087
34.85290702638686
11.46500216236563
28.279622395833332
23.140380113805637
12.244559888515347
6.247457415240482
26.501033942016456
8.025653013787105
20.92242127840604
12.108474630632134
20.753938815840936
19.095245676763035
5.671051851317035
15.333088194054955
-417.8387475059195
36.79381362743048
47.386328379313156
13.368196035641132
10.223020553255685
23.827067187554114
12.052990141369051
6.771976897762793
22.92913487783705
33.37965179007513
11.67620224916802
11.89205116462362
16.103701132532407
18.803240288752416
12.226957095278417
9.8215546198606
8.503799024671956
23.561606486364
154.23466991741753
56.062291161366495
50.581090929477185
90.2530429513993
107.61133531475586
127.27942939547657
128.00770884496603
226.84333715381604
38.31409937553598
21.584546709081494
19.15730051880889
57.39233756872109
62.632224455237385
22.232638544193545
26.613777403833062
554.3706889281118
101.67605988940282
20.02762518231831
27.276818037059364
83.0078125
24.943047976448728
4.675094651037785
22.95528919923873
19.667384864389074
-604.6066399884205
57.91524879927634
54.17594083008312
110.02175209650807
28.013752531780597
16.70417176311916
18.160109176199875
67.16637328174133
13.146611468884927
21.172624984381628
4.911232275073095
21.05712890625
13.294345956451075
27.53882175040924
25.196670461834927
30.377401198395045
17.214431762995265
9.948415049705526
11.614712797980921
7.728170236928816
11.137894221714564
6.163431320566443
17.607927967230854
15.218596986935136
81.8123088883444
55.28761164442656
82.00688941266452
35.921778222709705
47.92345673236845
11.530946499496007
33.17398673837337
236.07666024263557
23.193359375
8.721250367149576
41.716613780329446
17.390679592197692
72.42838541666667
19.53125
35.400390625
34.1796875
177.48291024263557
25.624447669283384
34.4315958426078
43.29438381158983
41.716613780329446
19.23761303502745
21.22594807056172
24.4140625
22.52506429756461
18.310546875
28.740621791923672
30.70750293719661
9.765625
19.70297983406456
20.657884641959164
76.72666215533818
7.527291580375556
14.05709860250733
9.962288205137371
118.56133867251648
6.320879220893719
26.48122118384118
5.193871143027756
23.99681285452806
10.019938151041668
11.123985148657022
21.781921386718754
13.112507244780893
16.70885579814199
15.81734886668605
11.673331833288735
15.153614286106931
95.62691815829356
75.71104381231049
332.27498591126545
199.14407451237614
117.43123591126545
218.06348495523383
1718.75
165.21526065254136
74.17968796072302
27.980804443359375
15.821983795943616
444.3562488259388
62.35637976170806
23.193359375
20.114495481341436
69.27003012538923
80.58671757593879
28.24494460774223
-615.0214827858791
7.448741078018281
38.27400939682883
6.2779412584835335
7.5635402753267185
12.835716217009686
16.93109639867833
25.587855916957924
120.26651443682324
167.236328125
8.544921875
34.28141276041667
16.236305236816406
8.417765299479168
18.694975251153437
4.661242322957275
5.626824066137445
106.55879974365234
5.685369843843753
10.769350123929723
20.1062563697789
35.49051872921009
25.880865003835503
17.159359779851357
10.801985628380688
13.144958761808937
15.79561826359421
19.491422759192798
12.1655023506651
5.7948014940221855
99.42565918688629
12.692267426583065
354.0343732389082
39.0625
625.0
83.83251371837798
263.671875
149.18133193192745
713.8850915345685
164.89664713541666
12.652310316538879
130.40633396018913
10.710733655003644
22.23714898822437
45.579955449953516
12.327045533853191
261.23046875
46.165616078063344
35.17632475571295
52.94102202573242
22.094636635551783
505.15926793676016
11.428062410704339
12.367131853059025
22.450250375826467
41.05991696012789
40.139101929416434
752.8039551213178
124.80552264133986
120.66333369655179
25.356639020961836
19.024008768253736
96.70989990594316
7.318635717455341
16.89977220705879
17.15766059027778
13.133296905049832
11.103241364573687
14.920674665653628
24.795528359849218
118.90267749053598
10.306811332666348
19.339357077715864
11.837062867590825
10.188927052430463
20.411819055880034
24.239854410421657
13.583202832075537
40.889113423688016
17.228898707819926
91.10157596439268
7.021223795677927
6.432639076291499
7.698112738685306
5.42842307943087
2.1788420092407472
9.281441950447016
9.571519404435616
5.751921614045483
6.4562157411897205
-190.9015691726982
1.4720017026146635
0.7614335477386869
0.6254005993170667
10.902611160600891
8.846470517635442
12.31208389185951
8.614370135643115
2.576014079269805
4.121781922053138
1.9012208569738873
1.6477616779334012
62.663012376249256
21.137872324523716
31.016997996498237
26.26200174266964
4.649724598310353
2.270048243446979
2.97940188036901
1.3942295811993792
11.105524786859764
10.353104519124194
19.87370470399964
184.70952255176658
3.627037384392686
6.164194971331668
8.735187468949427
4.408805902742967
3.4528672961488778
1.5565345748435904
1.719010862418073
1.0222781591097194
-177.82422228580447
1.0093129766384177
0.7294591897147368
-191.80362825031239
12.297191995324372
4.482091151528284
6.078618496490733
17.563601355121754
3.8903829888638257
3.0133704618386377
6.635926866847533
5.984975270470152
2.96201901625926
4.328461902928741
5.334881595765984
-131.42349771919083
6.021451002643239
1.6942764574521618
4.154915348263008
3.4189717893294653
-66.53482707371579
22.629404095303375
27.568765945516347
8.807642390797081
10.038624743866082
5.108985905999443
197.56142677503192
3.245315106890613
23.92310360643805
17.452192656613864
-240.08990499259988
7.972031089216016
1.5653247289362389
5.485285879702709
1.7252502940945027
0.9271664280047585
5.495088846142484
7.721520471446103
19.307978781659013
6.289610545684654
0.9887643625154877
20.46196955573282
4.980982950079035
1.5793884789083967
37.521891146613726
41.33247391461254
65.02585186193248
31.282755923601325
3.4008580941485858
0.8272976039463916
7.463234814561156
3.3784724390284797
47.14973863702168
85.5830992412903
49.42279518825889
537.4698713351066
-77.88183089752573
17.36467607262594
10.000567097765776
4.347685171295069
4.590288048578232
22.027665428665898
3.267993753342032
28.971918796619796
1.220568101341467
1.173677675950794
8.843714125270404
1.8008246153563805
3.7526096903836144
41.58296822290214
28.658595496629243
327.173866630398
209.3954990042903
2.982095408099854
2.622375830729202
5.1178100171719265
2.6485084038177344
175.68696472664968
10.857195260271883
5.275937401106615
1.796126534856865
6.799197277935193
9.224815584101059
2.410621761288582
