0.7027295285359801
5
AboveBelow
-69.89611732340653
26.627745979708415
21.86803846081093
110.67097956559122
21.46190311402881
21.463416652463724
44.921875
10.363260904947918
6.998697916666668
15.80727348079929
9.388942125965071
430.3237203313963
14.272852667740413
22.621581703332062
9.371420714102449
13.712546296095606
15.513411455773648
7.32421875
2.44140625
3.8585662841796875
6.306966145833334
8.639080183846609
17.276544196083616
0.0
53.955078125
21.801653626322796
28.52583233723227
15.06276199748817
12.1144969845625
29.296875
79.98847392049375
4.984986402284465
20.751953125
-1233.8033408268973
7.285304278844878
23.94068463634241
12.148964972723098
21.049870621590387
3.1135546132212593
8.188807856409795
19.53125
0.0
16.415913899739586
39.0625
9.765625
0.0
0.0
0.0
7.781857535952613
11.324382810305098
23.568507419241115
13.232923827562779
9.146023222378322
15.646897039382536
21.359307425362722
19.6075439453125
7.5531005859375
17.08984375
9.765625
6.7901611328125
-2500.0
39.0625
39.0625
9.765625
7.1577269668911105
0.0
9.765625
39.0625
9.765625
9.765625
0.0
0.0
29.296875
97.65625
10.145280155397597
7.046615953687498
39.0625
39.0625
34.69174205928818
156.25
7.046615953687498
5.340576171875
5.262467655397597
31.73828125
39.0625
27.70143127221788
27.810885957249226
9.765625
0.0
0.0
9.765625
39.0625
9.765625
19.53125
9.765625
18.516689045345487
13.33463094942907
24.640552746369664
23.15301330563478
4.799566608445556
24.4140625
24.4140625
263.34910644507823
24.4140625
5.5027008056640625
22.0201131444247
10.137240091959637
23.92990966761736
10.544830281275882
9.765625
3.8585662841796875
16.415913899739586
6.160138186592416
4.103978474934896
65.66365559895834
49.43756927691756
12.35939231922939
32.39331834620558
10.259946187337242
10.801951090494793
3.0372412431807745
0.7593103107951936
19.910905155397597
39.0625
9.765625
24.4140625
12.148964972723098
0.7593103107951936
156.25
0.7593103107951936
39.0625
332.03125
9.765625
4.103978474934896
4.2724609375
0.0
0.0
0.0
86.669921875
21.460533142089844
3.079577216080257
39.0625
39.0625
2.44140625
0.152587890625
2.44140625
20.63091491690434
3.0898480798073473
4.123788404516716
5.058417587269293
19.83642578125
4.9591064453125
14.8773193359375
2.44140625
12.35939231922939
5.157728729226085
0.6103515625
2.44140625
16.415913899739586
0.0
0.0
0.0
6.103515625
0.152587890625
19.83642578125
49.43756927691756
9.765625
7.046615953687498
3.8585662841796875
9.765625
3.0372412431807745
1.239776611328125
39.0625
15.888774871643157
625.0
2.44140625
625.0
0.7593103107951936
15.888774871643157
224.609375
-602.2230878643536
9.202352591923304
8.937835693359375
6.484871940864695
78.60732078552246
6.962603562838071
54.00225749065469
18.320363998321582
17.230098020462762
28.076171875
-604.3368234640348
5.827585856119791
11.511507496090637
28.076171875
23.27182322898239
64.61354626500338
31.226009504977988
20.130865149601163
16.18859054918222
468.75
3.0517578125
22.39227294921875
7.476806640625
41.27926296657987
8.977216428204898
20.751953125
7.022221883138021
23.850790091923304
68.359375
5.671183268229167
80.718994140625
8.826573689778648
2.44140625
6.7138671875
5.18798828125
24.4140625
18.310546875
8.664971306210473
839.2903369570535
53.7109375
22.88818359375
80.87293758462036
65.66365559895834
9.765625
39.0625
8.865765406794493
5.047264614231175
0.0
12.396858827698798
2.44140625
20.1890584569247
29.621124267578125
9.765625
34.5653965970385
-2500.0
9.765625
6.7138671875
6.103515625
6.103515625
6.103515625
8.981007094285925
14.648437499999998
53.7109375
109.89936760493687
2.44140625
3.656114850725447
11.41042429573682
1250.4570143563408
114.1078043099254
9.765625
2.44140625
79.95305742536273
9.765625
7.295185611361549
7.476806640625
5.099229931814202
12.915462629977988
9.765625
8.461675983445556
15.2587890625
6.103515625
31.028214454513616
9.765625
10.316804329542801
29.296875
2.44140625
6.7138671875
3.656114850725447
97.65625
31.73828125
9.765625
390.625
156.25
97.65625
22.684733072916668
156.25
6.103515625
18.287946996491566
1.3156169138493992
8.639080183846609
156.25
33.43669297862461
37.77142578031297
91.97571563610894
27.60279401134241
18.921729808475014
0.6103515625
2.3270352255730398
29.846707458452173
7.476806640625
4.9591064453125
317.1540704511461
9.765625
332.03125
1562.5
1328.125
2500.0
39.0625
5.18798828125
83.0078125
39.0625
12.148964972723098
9.765625
2.44140625
5.18798828125
18.74192138636736
11.90185546875
1.239776611328125
20.751953125
9.765625
9.765625
9.765625
14.624459402901788
16.415913899739586
5.7220458984375
0.0
0.0
0.0
3.656114850725447
4.103978474934896
2500.0
329.7826982985192
0.0
0.0
30.364990234375
5.5402432169233045
9.765625
9.765625
1.025994618733724
9.765625
68.359375
8.748372395833334
23.23801016189604
9.765625
9.765625
9.765625
3.7995674896130427
79.95305742536273
46.38671875
9.765625
2.44140625
156.25
104.3701171875
2.44140625
66.35171423026284
625.0
8.797319335234722
8.797319335234722
19.83642578125
6.103515625
9.765625
83.0078125
39.0625
8.797319335234722
-827.668763825398
8.425603840911574
11.865516753318659
74.96768554546944
15.126146103624613
13.308416340911574
6.103515625
126.953125
24.4140625
79.15496826171875
625.0
292.96875
1044.7693803007642
273.4375
1171.875
79.345703125
88.5009765625
97.65625
19.2309485060998
8.468674525382028
12.20703125
8.836666638586156
358.0729166666667
45.81453745800352
101.37492601160355
65.73466809228843
49.82283555919315
53.06880645820488
34.23916629020362
63.297525719789625
22.531937564650402
67.75801239560722
12.313399000979667
214.85107381282614
5.209353969791186
2.8536187945708766
3.1390651921422776
0.6655935776973482
30.843064089860206
16.950123223416437
11.361847984576812
-401.60501928254735
5.267117497530127
1.0687603875610658
28.27417231222812
1.357057817047672
17.779672988926965
7.93588657928399
11.792352022897047
4.78569376449887
1.4701485633850098
1.1268258094787598
-830.0034372432948
6.52888168891271
44.303328689087394
14.802022653229905
11.660481292299194
52.887233392801804
3.4734496648072213
3.2330154841774155
14.206949494348288
4.79802322511904
56.75021865838514
23.723262352973784
95.00017822181131
64.43370007205506
13.760537945512112
9.731253741398987
20.061774700112814
9.041135649397349
12.181125011685218
43.40258677138655
56.684326093274095
111.17430445220735
7.727830573948121
4.0356069803237915
6.022651990254721
11.250360242300065
129.0291550515623
51.86142582246136
47.83182286993657
20.7485758505461
13.72717733954602
9.94638150548285
20.03405163305021
4.025105232224457
213.25794452942012
5.796848077142442
196.7321139440767
174.24766160547736
-494.81117349022685
56.605753995460915
-170.00406616927705
2.7026646753066843
-126.40088290835996
5.087745798416442
25.764108862411838
63.68577667683958
1.0784172607568752
4.1086500666601244
6.53292034684652
14.263188186875114
504.9041864747892
27.304918388158853
6.2991235819127835
88.29169647687482
-351.71165296239514
55.02689389834369
51.27174906897735
30.071129401444793
293.42255420807345
26.262788042868213
7.598391018924736
27.347005082364458
5.631174765144376
1.4159190867941933
2.832287689207404
4.113351108927457
205.36592197792754
30.311254814191393
72.28836757141343
15.07898784123708
34.29904830687409
3.508481477560232
4.2592559767662
4.15614458542116
194.47422840775135
226.9330438529477
1019.9591902992998
1416.4315955850038
8.383820451288392
27.751316783059927
122.29995870918293
21.637414008245155
9.33638290193976
0.3049943285683791
3.34676206220282
833.5876464843751
58.325436453929406
39.50729992799823
110.15641217665349
25.029725064474896
5.590146334213153
21.767993321569637
24.593389884902038
14.884684419181822
29.862126579369836
1.9009854271690623
-352.5581517849063
1.661563000840165
514.2337020860886
27.406829687835717
34.43419312053991
57.81651928295217
12.901818328513343
44.4533297353383
27.835254934164663
13.043891158744785
