0.7741935483870968
5
AboveBelow
29.488874879195997
13.626864047127768
-30.49887686517711
23.46526410428704
89.16543663894294
85.63204569074371
47.07755912772598
23.440829169331654
7.598674129429007
5.655807839185605
4.628946716237775
23.18630389542681
13.888151950927103
6.56012974634681
9.934833102475695
16.021503956837293
27.669093980816605
14.3146444952338
8.859733227706913
11.9958032224263
3.3703758048694503
4.055728032374267
22.095704002809235
4.679339872602076
11.401836400536078
12.066843202420545
12.880478438694567
17.57235669735215
5.493657778532454
11.959702991466227
18.310546875
34.1796875
1.992940902709961
2.8562545776367188
3.3421377528824867
7.503464818000794
12.781059854697265
4.867073905758412
10.126047399678065
6.21730498637665
7.6726292602145705
6.0749053955078125
26.85546875
7.01904296875
7.340908050537109
5.097389221191406
9.765625
4.747420859833559
16.22772527609265
18.307462820790967
15.156077953738485
7.975044246939925
11.32527063559956
7.1827339426086985
11.722215389858725
6.591475320730603
3.0250549316406254
1.8177337842832837
3.439010098754113
20.751953125
3.9386749267578125
4.735159199863632
14.166506320394424
4.229545593261719
6.673546669705403
3.2711029052734375
14.071986079216003
7.340908050537109
3.35693359375
2.44140625
3.2711029052734375
6.009459609950206
3.153483072916667
2.009073893229167
2.6355087757110596
12.047180411399403
4.5672288817586715
2.5501670552330324
5.787870392850891
4.8768850198636455
1.8654216116130065
5.79833984375
2.433846152913513
2.5157928466796875
9.684983964410804
4.877772435275675
5.4168701171875
3.7717819213867188
1.373291015625
2.5157928466796875
-831.2503891583342
14.715194702148438
5.1433692845499674
2.44140625
18.083743962405393
3.780737761061096
60.41185115084067
30.12453103144905
72.11224633342307
38.22386261715346
64.6610906903172
49.18435260187043
425.25518822389944
61.59694769094515
14.031925827584718
29.296875
6.70220092738945
146.52774882658076
19.126349038777107
5.063183319629903
7.09462173459571
-829.7220865885416
29.886174769382436
9.631769997732981
1.492796790054334
9.765625
4.2724609375
3.8280209281282547
2.44140625
162.65869140625
7.489522298177084
3.2263430171802625
27.110374449702736
97.65625
12.749658122989349
9.765625
332.03125
29.379526774088546
17.383483356308204
24.172139393232417
4.916191101074219
37.15614658014916
7.143046797967928
20.241181174562218
4.916191101074219
14.545030286727954
37.15614658014916
2.44140625
10.359669607659734
7.057289282480877
12.290477752685547
5.865221447518645
3.3537961465687154
19.664764404296875
90.25810993101662
6.255557883104265
55.87199403818954
5.9223175048828125
88.79628265276551
4.499750321261959
5.550384521484375
19.784369505941868
7.187271584382647
21.599531173706055
2.44140625
1252.6999413967133
19.664764404296875
3.197902613085187
9.765625
16.7083740234375
29.803114011883736
0.0
18.94672711690267
-822.1944173177084
10.143332183361053
1.6410391996348257
35.757223765055336
11.98321580886841
2.0917256673177085
1.2461344401041667
43.56384277343749
121.73926147321859
5.5599212646484375
17.498592723527015
24.662017822265625
7.594115455244069
6.629042327404022
9.636878967285156
4.916191101074219
4.203250036643219
10.031228432603072
2.6015454685387267
4.916191101074219
13.23699951171875
4.365444183349609
4.916191101074219
-497.6794790371332
10.048941651876055
9.507095832538452
39.1995277970064
14.344431646683155
9.363964200019836
49.51441331062026
20.089474762180114
93.28106788672528
30.725366028491408
27.82030429902982
21.142548221859627
225.43684006117243
199.99186197916669
17.36224686144508
6.917455934484021
11.811256408691406
61.541630796758305
18.226069815801864
5.678847810486332
55.42755126953124
24.38499639993097
35.10340227168209
8.35472493889628
9.307935449344638
83.25576782226562
7.816389513512453
10.150574366967394
6.882720263092779
14.812151590983072
15.258789062500002
13.427734375
13.879914947140676
154.21549479166669
12.817382812500002
10.06317138671875
68.359375
83.0078125
4.32616599004097
11.606488251397522
13.295684938477379
2.44140625
2.0161094380455324
0.152587890625
8.842150370279949
11.68966293334961
17.08984375
3.510028434296449
7.225389040601198
17.207546516770243
3.6574621503751548
2.994537353515625
3.1731629724942296
4.22853607854317
14.673230509070583
32.40967643675201
62.541584678304694
27.348948084788088
21.779613309579464
11.661613407341067
17.360645845021462
6.6343203356172165
9.765625
1.3356631692170522
6.747767329216003
42.312125140257535
10.68115234375
13.556582375437403
11.91065440882353
7.17213780929645
10.578031285064384
33.99302733823121
23.489974364587027
36.90812880906393
6.385358886028901
3.677220800000214
5.399882793426514
5.399882793426514
9.19342041015625
7.01904296875
9.765625
29.546863470386597
3.8404569554586487
6.103515625
11.799917149801331
6.21795654296875
4.2724609375
2.590179443359375
0.6103515625
20.031226940773195
4.837451917481078
2.614474317386426
11.082581557414391
15.364365583029176
5.982176293173325
5.497317072486418
4.281900903686238
9.346938718444207
4.213871364560126
4.177214652816561
2.4005708830328665
3.139465135246849
28.918859036417714
89.78513348584066
332.03125
1291.50390625
267.333984375
171.10020606797795
1069.3359375
322.57080078125
11.223687065972221
3.35693359375
78.53388786315918
163.726806640625
-1237.79296875
39.958953857421875
2.0444393157958984
8.138536440738179
625.0
24.4140625
5.971187160217336
1.9440049765675906
2.5335947672526045
4.087856837681362
2.6135296791551186
7.975636870790818
26.493958510539393
15.191064372989349
317.3828125
473.93798828125
156.25
83.0078125
9.765625
79.345703125
2500.0
313.68723937443326
0.0
0.0
4.594326019287109
1.837015151977539
14.332234346684778
156.25
156.25
6.070051874433245
5.8078765869140625
5.10170194501067
5.759973485198319
16.47321729313743
19.23078530424829
2.1696090698242188
-614.0397000126541
9.439206403233888
92.19481283667034
19.276936848958332
9.064674377441406
4.2724609375
19.001213859811195
4.234311718607602
9.667673026011045
7.803370581076813
14.781882394146082
34.637451171875
3.6334991455078125
5.783122796883568
2.9097785993519847
2.3535192298801295
18.72380574544271
2.3031234741210938
27.360916137695316
2.7396943834092884
112.51131693522137
6.265071783348374
34.499168395996094
6.289482116699219
4.365444183349609
6.917455934484021
156.25
25.781287096574115
3.943443298339844
6.505349883809686
-817.7570235675903
15.773773193359377
6.761183305728653
15.970865885416666
5.116274411171304
3.35693359375
12.436148360217752
11.641485346250127
33.03073051678699
11.370748358288639
10.36679482860001
3.7558445994882774
-221.0583616630007
11.938659664972736
7.160550634624139
7.801742294943148
11.983904417391106
10.432904912569452
44.55914425316953
-22.935074469182673
137.31623003882936
17.528576856156075
6.083975385762553
3.890908061174027
4.686452683825562
1.5882680743412945
2.9768777775646633
5.537924812986836
4.931294168315724
2.2656533078507097
-248.74730347074387
3.3490087447082333
4.514535343951332
11.727600076474431
15.44611610032836
5.744838431620819
7.894310597490283
1.8435747549370312
-415.85990429303115
3.978836563348757
-415.6976386967012
2.4602286358667556
1.2693546924767831
4.560734208918361
0.84536998158242
0.6102671511868419
1.1483511687753774
1.49472650552286
2.7884512245855895
1.4508210665054044
33.178812450398596
26.185968155840957
83.29337687594128
106.15197720726123
8.977750720687688
9.297041859752714
16.940974410800013
2.914636630062768
3.41663780772061
4.4157557176688105
8.614022316451793
4.363225859888579
1.6807978720024683
4.850015965981777
4.347024972936562
2.2678961576061663
-221.54773355271564
25.809798212382017
24.428421832428487
504.1802660333154
10.32855377195604
27.3579691098792
4.777177961003287
8.384598639674815
3.2966433383449023
1.8716273183628778
24.269806748528804
3.9512757768403324
5.091785930518189
2.7983588549249134
11.65267953006211
9.031419372791463
13.865621963466996
10.848504961186581
30.23507419560346
61.37855256963354
2.701973086042658
6.600302652739441
9.364535142484954
2.1783713638528006
6.878539315195925
40.37449360528268
8.243572303965205
0.8540982050774824
1.4686253687623463
2.227332449914843
0.5786116270632797
1.2644333953342248
2.3412620164353
7.81415822892091
6.495149543821348
1.5638532301794863
1.5510784990785882
0.6478000245086255
1.105137721737278
1.2604245217081567
2.991462612617683
1.0961433690704754
2.6439749895532407
1.337879279982172
2.750219004616125
0.6763113233824116
2.794595363072523
0.9497736408301194
302.2890869012743
80.37986621466351
943.3866651450342
14.202702682160904
-410.4900333739846
18.955460440624062
13.813344504888889
3.2126338347805206
18.331926729748456
36.24217825817695
10.392069816589355
12.584391554507118
5.590760250231447
4.2688886405644
28.392421310089393
6.862907209194668
6.592934030997072
5.105525601628191
-241.92677526348268
2.4969484892999123
4.869414309311054
5.926645553356426
17.81775809595455
6.549804358608876
6.567521449328672
4.501742054545312
37.91425655564734
-222.48721600991144
-205.37178805167906
5.743210912728167
3.2607883800994575
1.830370417287644
