0
17	34	30	1	
-0.15547121126158173	-0.23325709385602633	-0.11126269185303442	-0.05342283074533093	-0.10200232870097768	-0.12333835599397	-1.928885158852726	-0.16805287491482884	-0.15702046947607382	-0.13520356859286936	-0.7723012268512138	0.3554657326513926	-0.1268986647324546	-0.12144874782947039	-4.411949538093561	-0.08815199953341243	-0.023840575167772105	-0.07208532630716938	-0.15461197162153736	-0.07140285117310292	-0.18725695528710584	-0.10712500957969928	-0.23640336359333017	0.8039535935596606	-0.16547785258086264	-0.02084281567514012	-0.1152981169320942	-0.22003264236740977	-0.5554594367082861	-0.08733504603075276	-0.41307220608799544	-0.21486772212857877	-0.2765316448784999	2.239258309983289	
-0.05905793138626378	-0.09027602728411445	-0.575775913747679	-0.6475322356083182	-0.241352801845336	-0.2717804119214531	2.28441796053146	-0.3466871564211571	-0.7029795782124645	-0.2638106010598059	-1.6173346457826747	1.213177208053945	0.22960539615414183	-0.3837396544492571	-3.3902289973579416	-0.550218171118492	-0.6804171788862171	-0.646510878176326	0.4234104913584744	-0.5558792344253154	-0.028566716848412433	-0.26105217655373125	-2.7267191422253996	1.7400398823430596	-0.2352550968373994	-2.1640748466527366	-0.4529396471239226	-0.10402374461769114	0.33213817849148947	-0.24402569251270212	0.0252034971201819	-0.056360196989617736	0.20152786291615699	1.36308506876166	
0.012867495282345223	-0.05557558869396477	-0.6413814361079004	-0.6897391093669649	-0.20726268470153428	-0.27355538938691315	2.4077660571062536	-0.4371066784287865	-0.9376188242537828	-0.3426502916432165	-2.418077079437035	0.42739724980012783	0.27080117595058417	-0.4144382582209692	2.9466556520150418	-0.6153933842596383	-0.7453598733338734	-0.6576027531178573	0.3203603921398457	-0.5544127585509779	-0.08139784613659645	-0.19163698141259697	-0.7253217280152175	0.5977092877415145	-0.24295536401410125	-1.0217722875146342	-0.4706434244437041	-0.10621751161526681	0.26334804809243123	-0.3078167956697818	0.13269667885188105	-0.003976558657358089	0.19909043850316432	0.6747211253329394	
-0.3311897904278096	-0.3395089862513917	-0.41810108943604185	-0.49151496128211497	-0.3662669647984531	-0.42468214554048345	-1.2530402277285502	-0.4094766618737448	-0.43034031566769	-0.3161288393123998	-0.3633061834441136	0.08357819928459499	-0.3653611803326073	-0.3458303571086565	0.6095672208981135	-0.3929924921276516	-0.5115967381124855	-0.41928677401458947	-0.2728202389797851	-0.4150356434451761	-0.3501930345050786	-0.3503565188299996	-0.5622324474897047	0.12649101890041534	-0.31342368656415315	-0.6937071083120362	-0.42125130128089927	-0.3227143621725383	-0.22007866691234518	-0.3351526068197373	-0.29669537949552033	-0.34171258491445233	-0.32478661728838987	-0.38187444574321944	
-0.11903257316510983	-0.051237285270280236	0.08451777946329271	0.15904535541727682	-0.07737347834147504	-0.0012454762891633017	-0.7597760756584615	0.006278898562566639	-0.020143484119387246	-0.0634790494799568	0.10618147541185882	-0.20722585913551164	-0.3021499996334928	-0.03684873298777006	-2.779751073980179	0.06557712607172994	0.11277551934752544	0.05322914950037827	-0.24105649920594477	0.035075614955108074	-0.14481684022066613	0.006366961845267154	0.4580768705042834	-0.16930346040242483	-0.04555610755935629	0.6305524217965873	-0.018148417104501723	-0.045408932869272	-0.21459352468201426	-0.056690019861900816	-0.18617077119912942	-0.07753949419260385	-0.19303969660139625	0.33677705861077467	
-0.17684025532343656	-0.12601378458529675	0.01145203195866456	-0.05305601785325411	-0.07354096416436957	-0.040630893280592544	1.732211505698167	-0.02063939313090215	0.044785249030877265	-0.05195185899266887	-0.1359947691997401	-0.0026098446717993814	-0.1154310424029006	-0.04072641899449019	-0.3458103703884587	-0.02222459020279541	0.0010717856165703037	-0.0033031555878565363	-0.1773849558911286	-0.06098484978145631	-0.09434633443889148	-0.025719382542207153	-1.153875184751166	0.2710098779204198	-0.04634006839530241	-0.7111602793995657	-0.04566472479843215	-0.10171387611162228	-0.2247385062153344	-0.07133763066252691	-0.1474953537017448	-0.1225197574920294	-0.16091111267797634	0.8605859891817877	
-0.184035399663263	-0.20276333651836195	0.17543654711855247	0.09401653306281282	-0.14731007833358828	-0.1032466691883607	-1.089215104830297	0.05386320433957805	0.407606490650376	-0.04395831490181886	1.9562223934094392	-0.3463854728939058	-0.3286915137807023	0.03330853494303766	-0.6917106418480653	0.11083199304634177	0.055695519132015044	0.14258873929423554	-0.3250122399174679	0.06212967018970283	-0.18054339055249174	-0.20035462613633578	-2.025380194783545	-0.658062848308515	-0.12282170174066462	-1.4815835176043302	0.08745294733891926	-0.15494937400983977	-0.2170054953678491	-0.1362122624626097	-0.18849033770834028	-0.16037723759463832	-0.24210087243187095	-0.894277088497663	
-0.35065969153036763	-0.2767634687823367	-0.46399578189121204	-0.4359242960549436	-0.3309975395111778	-0.3556216269427542	4.746407539906456	-0.3831294927779378	-0.5520476087393641	-0.2965854022175429	-0.7741975967396981	0.19813893755276138	-0.3557417275172781	-0.3542251527765749	0.19544645524794074	-0.4331401795565881	-0.3851166645771479	-0.4743203421790229	-0.25553843890011096	-0.38286358052179653	-0.2638455119992824	-0.394182327444653	0.8157152700687013	0.9101557844267569	-0.3352387602378875	0.41312034488190835	-0.36013256924079123	-0.33164753399929603	-0.19496053307707573	-0.3228607967167074	-0.2634389629874131	-0.3063759819028733	-0.23870974599514505	1.0707835042790275	
0.031151848664481317	-0.01713039005569325	0.210352330417517	0.32703620020117596	0.08819881905676866	0.138780087401991	0.2682993320475929	0.10543243247136416	0.21657786132382048	0.0490643609278454	0.09374683974195698	-0.5238790321145878	-0.0773656235847949	0.13895713713050983	-0.2593107578065378	0.15901416699110751	0.2769374440516083	0.22385730060848982	-0.16890489096295622	0.16970061139871062	0.009278215715917287	0.10452107250950428	0.008402710403129066	-0.6306523829180637	0.03843281675035374	0.1310661744407973	0.1701181438409438	0.07191351082840039	-0.16933135192882898	0.06418393800078702	-0.038228184988312826	0.06386555381584369	-0.11470169166344008	-0.531144214425866	
-0.1833371330297177	-0.17345323486332798	-0.4561282887860912	-0.4608045381625011	-0.2779722676969351	-0.34117992013198034	-1.007078360768131	-0.36948795292071857	-0.5692883222509125	-0.32296427228213437	-0.8111943779904474	0.11515323890479547	-0.16457941321157404	-0.34751033633957085	1.6824249874517785	-0.41594977705217484	-0.4234076597251627	-0.4672682530809491	0.017654208958252607	-0.4427224107729005	-0.18789105683469107	-0.32254683828086045	0.02756138114106832	-0.33065160324165427	-0.24421356529995922	-0.2388520348984715	-0.3514643332113014	-0.2271873415719509	0.06823445441297203	-0.32735463383455216	-0.14716188528152677	-0.2528375315283007	-0.028528891491855342	-1.230969456398636	
-0.09753238013175071	-0.011894470810392632	0.27508515546061946	0.3888573189158179	0.021345526396270017	0.08526571999672317	-3.591967177604386	0.1900600664947735	0.35234942434686783	0.12484946533764585	0.7813361756883291	-0.7095619209301607	-0.32670223729668946	0.16992360557141667	-1.763202672160179	0.2635001213762601	0.42029077764555517	0.3447812904875281	-0.371865270615942	0.25972849683122573	-0.05082494553358139	0.05926152545513999	0.4387946996606055	-1.291466844956962	0.09952610472190021	0.5046674583152742	0.16621178323615274	-0.002430981296393782	-0.3295212815510946	0.11169426287026436	-0.15892052304448195	-0.12719525841877982	-0.28003703112644496	-1.3479884482970783	
-0.0334683907575299	0.00997591640993864	0.23794804921842455	0.3956170425830735	0.03678467868168057	0.1113601933495229	-1.4422901166063757	0.14790968581913372	0.3287304903375904	0.14478670905022256	0.6888571158001593	-0.38190235465784483	-0.17729347483898286	0.20444130960735032	-3.524920782435807	0.21931869976937265	0.4160566163259654	0.31672026511450185	-0.2454531075598552	0.2677683847133445	-0.021117067696749578	0.13751111024246349	0.55031262052794	-0.5836995192010036	0.11173395114961565	0.6510088285278101	0.1805953335134821	-0.015738930649269636	-0.15990309732937108	0.08585065213758389	-0.052735913736487505	0.033832971224601834	-0.20513055084616055	-0.2044951364473579	
0.009704568983490952	-0.025356206062397274	0.12608312506354702	0.052531107102228934	-0.004108815208988339	-0.007625340282422635	0.0755818514735455	0.12610239618806543	0.34212818545620965	0.010805254889443002	1.735438197149365	0.15879143004414342	-0.005120863482101299	0.0361038407135273	1.1679562696112573	0.14447746354448784	0.035217845263763634	0.11455539430041234	0.03545649218560308	0.10307035009289109	-0.0342134458893613	-0.00947157234636503	-3.1638385552715023	0.3348058744176198	0.014868260651091885	-2.1952028611986303	0.0652847174397158	-0.012073874081819857	-0.02753494483418999	-0.027091611829062823	-0.03937569279064652	-0.062334676032733204	0.007384166817081956	-0.3318040249215225	
0.026293059046635314	0.010743704100047104	-0.0394745045283979	-0.1576879467234595	-0.061731610377505526	-0.04113874796081766	1.2924418539220723	0.011976353171196467	0.07414026000126601	-0.0015369200806234968	0.7844888124416607	-0.1087666421774551	0.11316696966921867	-0.05515970643736325	0.5392243824724344	-0.06787380799162814	-0.1394392707105165	-0.10305100792228328	0.10699821816514263	-0.11307177778501286	-0.029391389622612448	-0.1255967971115359	-2.3157918066260805	-0.41712894070269674	-0.014106830965609246	-1.8649607125557894	-0.0463246610374116	-0.005065907137733754	0.07235503708496303	-0.022993825877081743	-0.014619639132292405	-0.032135400604139386	0.05756938773196122	-4.884947825553249E-4	
-0.1266140768768621	-0.0450640558192872	-0.10352818412238349	-0.1416386425664265	-0.09116329348815638	-0.09594718902504559	1.5860844680413309	-0.11254011538155265	-0.10453826708142464	-0.08407615651169607	0.30089212956529576	0.24103218104023963	-0.12356203709197904	-0.09295345223247492	-0.737330113161186	-0.0852176156636938	-0.11947196644281474	-0.10352043224791616	-0.07433862217119598	-0.10974887792519045	-0.08944817494221056	-0.1508362703950295	-0.056239471612390006	0.417338911324682	-0.037049394136482255	-0.16601138137304378	-0.1561992645163009	-0.059476117640669526	-0.0011483162868821438	-0.05110244249413082	-0.08229864225108835	-0.11452001285559808	-0.08891879529343927	-0.007537341433234352	
-0.09872062897075187	-0.0967132381939861	0.16287195042083782	0.139614636058612	6.22122794865728E-4	-0.023950900363025805	0.07821251609029724	0.09369892201820793	0.1543705689339712	0.00326431192917554	0.4878236287940816	-0.04250778743210237	-0.2064268406918935	0.03975883941996193	0.2098946168099217	0.14081744608203178	0.08827749992030244	0.1561451326356093	-0.1842505773389523	0.10737570703011462	-0.12679923386374664	-0.019341265473022996	-0.31281561245474027	0.05780615426860294	0.03331611840984687	-0.24405431340412712	0.09721936168595165	-0.06787170888711683	-0.20390484490789004	0.051949025458932804	-0.12405163770563485	-0.07509618663243545	-0.14507221342822707	-0.5431661050694137	
-0.07715844269600972	-0.11854671043258823	-0.43175842919386437	-0.4089829348011984	-0.2667425133346121	-0.23920899313519586	-1.7902672736707819	-0.3073300462863176	-0.4406146551966268	-0.24898374358105532	-0.7716127470935052	0.055764323712304165	-0.006579059370320088	-0.25119693142568267	0.921217292597049	-0.34669656375920893	-0.43254334123007715	-0.3336220912040504	0.06613025760977946	-0.3803855671671548	-0.09484158546348209	-0.2407225947383544	-0.4384284294857374	-0.5651855635465808	-0.22350594083919365	-0.5388275407692997	-0.33988185118662767	-0.1500327552088208	0.10487850502790971	-0.19327124441698737	-0.03403821457633795	-0.12706838139713822	-0.03419372706481756	-1.51918420452678	
-0.14023517587700055	-0.015930825026542292	0.12283134184388418	0.3121669707990946	-0.04881412465009002	-0.02925330741141375	-5.30381501046885	-0.006093838501970331	0.05183241265083368	-0.029636820953816267	-0.03364624535463934	-0.9115261426633621	-0.2766019596028011	0.049497709260524624	-1.4169897803811964	0.12281998149164797	0.21277403393416985	0.22611112211458326	-0.36297022145785174	0.16224270565026977	-0.12395723113113977	0.006648107788622696	0.17107892948420175	-2.0781643205795852	0.03490857872896996	0.14397958596317925	0.06561864598950745	-0.013126113599684885	-0.3014774294946154	0.009457309827777208	-0.21972104779226695	-0.14274205245438074	-0.2821836252131298	-2.8113081778696647	
-0.28098809379601786	-0.16185200611981967	-0.21486521448291543	-0.27087433854627085	-0.1365783170040291	-0.23421059022123772	-0.1030822316783026	-0.2715586725975344	-0.26406219792823027	-0.2790524190778979	-0.33296922033363663	-0.1888676249528673	-0.16563947691918351	-0.23388886164427905	-0.21235438280699181	-0.14892440127081374	-0.3208428545229072	-0.29739046010796505	-0.2134965118014771	-0.07169014572143109	-0.1712819825879051	-0.1600813277520886	-0.270141781261476	-0.16354429347082003	-0.3133593244746292	-0.247758855507231	-0.23695957569796544	-0.2591935455748986	-0.22041482412551897	-0.2672184298357601	
-0.21169433445991312	-0.19185819599726403	-0.28129637439636357	-0.31802235679234014	-0.09241380042803188	-0.25873702386762354	-0.13996364331616187	-0.2361366209072727	-0.23426389089307564	-0.25273775235692064	-0.24450188329654676	-0.24752414032975456	-0.1888797981676327	-0.25460157108742254	-0.22809132107243382	-0.07865519662413847	-0.3212586406278366	-0.2808676880719268	-0.2225442025997525	-0.09380552279597879	-0.17841089399262522	-0.1438364429051606	-0.26193529079743916	-0.19111782822276172	-0.2492159970493229	-0.3241367571487324	-0.2289358399946691	-0.2792870529027486	-0.22136090578824436	-0.24191244714504187	
-0.24401901810302565	-0.1257703767283652	-0.20628322623304177	-0.26993034358754614	0.06215569814119155	-0.34454803157163494	-0.05077853655755661	-0.326236667782443	-0.20718615712607966	-0.3322211845645802	-0.3197310157590123	-0.14063117289137217	-0.11364514128430087	-0.23021323776662983	-0.20438897249712196	0.05054355242628749	-0.3089931970844204	-0.3344470306393173	-0.19821394652302035	0.08006653938068045	-0.17404459113030904	-0.08534508097711266	-0.2613610386365537	-0.06714935724020103	-0.3265465938924359	-0.306889944498311	-0.1929274373721426	-0.2598405534822433	-0.14843177283434783	-0.2851994322330474	
-0.31051983747690565	-0.21990559404438448	-0.2662338829680979	-0.3376036735965744	0.018570927436653787	-0.3781810920625778	-0.10009151529381127	-0.3763181844079685	-0.29008618274853126	-0.35626748411505443	-0.39863381283164434	-0.20520464695106086	-0.18221378921043085	-0.25512622792088274	-0.29853825290302727	0.02966710194021085	-0.38410327443165054	-0.37020311877987117	-0.18096016500769183	0.07241903727073508	-0.189265686372274	-0.0954939373684922	-0.2895043541192689	-0.17894067378257378	-0.3521081087894593	-0.3244188174423841	-0.1704233126619412	-0.31458324231814677	-0.12318667345226009	-0.3222649241771568	
-0.28522502572988784	-0.20182311868039174	-0.27090134031221935	-0.31671155670929824	-0.019238035330280814	-0.30425306900958216	-0.0817397312130812	-0.30843678501871935	-0.25524914932828124	-0.2682925338003107	-0.2952205045753035	-0.1599645631528395	-0.13982360941438957	-0.1867850044515174	-0.23520152065378186	-0.04886585128197139	-0.2959474867299819	-0.31515806329903434	-0.17052070648416276	-0.037919677887621385	-0.21122575824525455	-0.1586231043896847	-0.18888391157130593	-0.15523141810507682	-0.2638142815664047	-0.2712542054635206	-0.17285383348961791	-0.1826827452428197	-0.1322748089000777	-0.29149298647925637	
-0.23794601248714445	-0.16510573512250937	-0.20767064029119872	-0.3187314294865606	-0.040136957885594064	-0.2638868662899604	-0.09626989374813623	-0.32339620223971816	-0.25117245367681984	-0.22835141824870397	-0.3146386192851811	-0.20120320965437136	-0.1639367049217161	-0.17019664053757488	-0.22758565613063	0.019762788286335212	-0.3305716160776526	-0.262881334152909	-0.18021294424273787	-0.015960665669981437	-0.1362737722986939	-0.10760300349093596	-0.2385840765445165	-0.09898668186215187	-0.2529771024036893	-0.3287786577855243	-0.1833381128074933	-0.26569113348519124	-0.13343207405873256	-0.28441247502382555	
-0.08049444273095675	-0.7407223470006324	-0.1460529222604724	0.42202664228192566	-1.4885132565525503	0.7642428557745802	-1.1922556551269148	0.5500226323288907	-0.23856866556824285	0.3090781840305913	0.49500040214343655	-0.49187388705606844	-0.6841307204803578	-0.3537627324999986	-0.3312656483359939	-1.7578165114810174	1.064679569037635	1.0486330595005853	-0.6426707106024241	-1.7147045951776383	-0.666457048106622	-1.073695939669954	-0.14199012938209524	-0.8370639524266493	0.9258510908155674	0.6307477620412203	-0.5711868810594511	-0.10814207950603127	-0.7513079223282312	0.29098249389007597	
-0.21404744975282	-0.19576466292089076	-0.23947764064451801	-0.2564943425678412	-0.033224826789826446	-0.24935180700300832	-0.08147122916354932	-0.2817828828713127	-0.237636442467092	-0.22158513614732323	-0.33673859540741463	-0.19113487079544186	-0.16310960120661436	-0.21306676778900938	-0.24781786676379414	0.04845545165113592	-0.3038029726277483	-0.3089146074184813	-0.1264764372025501	0.03190683313596733	-0.19791353431023417	-0.08431799043849153	-0.2559206636148453	-0.17242590045963802	-0.3242981960854909	-0.26134124754867954	-0.14889121824150134	-0.17492074128244287	-0.13308696187229194	-0.28150147488064087	
-0.1963966566239055	-0.11016681304869687	-0.23463032053983987	-0.3400173615813396	0.04743426052300783	-0.28109012512214904	0.03820801742289533	-0.33678659154601864	-0.1603387846618706	-0.27578871877366984	-0.2750808332209538	-0.17904265721933174	-0.10012659693688451	-0.19005031160850672	-0.17724450685097923	0.13261354681158685	-0.392498456167392	-0.3986764287654799	-0.08229695723539822	0.16385151205661025	-0.1222051148129267	0.024495924200182033	-0.2556086192640141	-0.047299339244732	-0.36360000469970527	-0.30969511568356534	-0.11667757104028602	-0.20125377567728794	-0.06666187356267976	-0.2755589191725341	
-0.23722336609117328	-0.13369435494511178	-0.23781422019748086	-0.26445758530784735	-0.04173997924536516	-0.22379667933217168	-0.09950995574593222	-0.31836889811283153	-0.2247349043214184	-0.2988947272018029	-0.23756610564156183	-0.21312487889085727	-0.187009793138611	-0.25187769265298987	-0.23469837370509994	-0.0401478056722182	-0.3331605832477859	-0.2531276521403459	-0.1254749493476423	-0.011209483177858392	-0.1250461736962144	-0.08525800646300928	-0.1818208378524171	-0.15722422435847488	-0.2817307278028743	-0.30101766325895074	-0.1573447422563073	-0.19752927273296134	-0.1948493274434969	-0.28065536238365973	
-0.220984431417734	0.0890977629311954	-0.204098507551117	-0.43919422347300163	0.6244948801226604	-0.6670714952601451	0.3850096052782695	-0.5226139376499402	-0.2178438208073231	-0.430009915876989	-0.4939820614418907	0.0061084026266280895	0.09907121377316357	-0.05628504557105067	-0.15875036923743138	0.9514863439894606	-0.6815883270839378	-0.7238704329949824	0.02690816429799366	0.9415087702420147	0.04111730048217067	0.31998345751386614	-0.1831827013996935	0.15735318229890471	-0.7650389828864292	-0.538353596369158	0.05168954725114884	-0.22277149583647587	0.12443116184520775	-0.39603440468358775	
-0.36350339573551493	-0.40652907897691387	-0.37916982167889207	-0.30044453905245655	-0.418718450797134	-0.41060447171062386	-0.4242266249324561	-0.3161251430825205	-0.36390544405999453	-0.3990467549082273	-0.2839379198771475	-0.44297738965406375	-0.4243633072765649	-0.40118735381675763	-0.3669210498345383	-0.4334196391530704	-0.253280451209373	-0.33430595982921485	-0.45570497777908947	-0.4578849217338622	-0.4722646804138451	-0.45314582228480943	-0.41920470022174405	-0.4716879016997302	-0.3085962664335454	-0.2929513529152992	-0.429415533316795	-0.3498772842382069	-0.457901347897213	-0.30996772034849984	
-0.29119154953880455	-0.23017862319909854	-0.19512233496287443	-0.2707454252387952	-0.16835581792592494	-0.26104612101737623	-0.18274084558220494	-0.2731684156476495	-0.2360788050776189	-0.30845167154509545	-0.28762007168418097	-0.16893930216223693	-0.19836198764864563	-0.1842687944965815	-0.21997639796288374	-0.12822248006359782	-0.2731657853204379	-0.2570937115426494	-0.2007360387743015	-0.15527534895286949	-0.18819438662242338	-0.1566083521326419	-0.2180499775020057	-0.16662229803085657	-0.2874903217863368	-0.28963550883398054	-0.21073381956392848	-0.2655246528616711	-0.23424673317167194	-0.2639506870668982	
-0.2766562057359992	-0.17894670878473834	-0.2757738891451198	-0.27249696198162293	-0.006592338860371181	-0.28066630897731343	-0.08939804614089229	-0.3470604764969709	-0.25298145995383436	-0.3375420365606936	-0.3126948713181941	-0.23391807996481262	-0.2311663305692815	-0.18969686270933633	-0.18691331638269634	-0.02613046666876512	-0.363344747107697	-0.2657478750268349	-0.17465576619231993	-0.040394047520584	-0.20020803079070235	-0.13251126436034097	-0.2576611805180264	-0.18100040629446	-0.28238132023399615	-0.3618147590932602	-0.2238229298925482	-0.19899523686966172	-0.19309680265007564	-0.30757639557129174	
0.009977456785259835	-0.7781143772703889	-0.039853959281300096	0.5384418135330375	-1.680937008085461	1.1126902731032664	-1.3122263946966528	0.7398847255115806	-0.1284450501905033	0.38640441414968696	0.6774353754481687	-0.5416704278532658	-0.7233086929516683	-0.2770607829897242	-0.23587492256026632	-1.9052538238056198	1.281301813369163	1.32798096851968	-0.6236403320737945	-1.92641951948281	-0.693401209217901	-1.1336212892037887	-0.03287406228586223	-0.8977107954897455	1.3798198851382792	0.6950863002001902	-0.5194762685483311	-0.089455372163455	-0.8181486825994876	0.334900348025084	
-0.23890089129207925	-0.11775802794459068	-0.2790826203439257	-0.3126251686742806	0.0048530454136592825	-0.32525522636034687	-0.07645180304549982	-0.3321761671096779	-0.2447641788024855	-0.274140602260215	-0.35414318232440656	-0.23423871753954884	-0.1852950856054725	-0.22958292496399704	-0.18510347545075656	0.05521321047228445	-0.34662715555300305	-0.3491064255789281	-0.21136848109128858	-0.026225541824814954	-0.18442071243022667	-0.08333680047841986	-0.22812751694455766	-0.11519147848201367	-0.32930845950250387	-0.2926865024561891	-0.23491772351134788	-0.2821271094723963	-0.14891331458685106	-0.3357563776366375	
-0.25221003679013465	-0.1649700181654316	-0.2161351791780142	-0.2868433801284837	0.06019064569908458	-0.3224895991950189	-0.07122186131306682	-0.34814591848063153	-0.21274226350425288	-0.29117706726945075	-0.3915024193634444	-0.15831919202587275	-0.19383354229975608	-0.22240360841086002	-0.23682179003934706	0.026453036016622307	-0.4072939466178049	-0.40643103682327436	-0.1519478392946181	0.11411748474458665	-0.1941744477028729	-0.12414070919061737	-0.2206209581444974	-0.12014426530520445	-0.3244267952885614	-0.3717045831458733	-0.15786636372058263	-0.2993164363831031	-0.15318249547182802	-0.32237612761533	
-0.23517171889539515	-0.14715139590754786	-0.24706288941785745	-0.3334287134901799	-0.0019599732818278105	-0.35274221205584194	-0.10730136506234318	-0.3591627859751418	-0.30268697243716003	-0.2904052057192744	-0.36503531063983685	-0.24304290037718385	-0.15946570346009986	-0.2638630891196911	-0.29045926558954105	0.010628990103007139	-0.3704202608864412	-0.37488807268983293	-0.16151442705466507	0.033658170857477646	-0.16860933002978307	-0.10115272074092922	-0.22176214111463716	-0.1847718817953217	-0.37756925312282463	-0.34826303393797087	-0.1726046653815881	-0.2944905419192603	-0.16453030812587935	-0.34683707509726586	
-0.2624999969843079	-0.21655860984007017	-0.271203633332353	-0.2573637042800497	-0.2491476640789265	-0.2524414175693685	-0.2573381984024523	-0.32632552725048886	-0.23965812835356304	-0.2369764833105263	-0.3303689889417015	-0.27637575705112727	-0.3076073830915758	-0.2534936664036227	-0.28366877651917	-0.25532770131932386	-0.24796056505123604	-0.3319628273809461	-0.30503742092401126	-0.21052503413554577	-0.27392517879991385	-0.21354849374570767	-0.2931543934329611	-0.23895524420894787	-0.2960099516629815	-0.2837049951249094	-0.28383975768757774	-0.22629207282304842	-0.23779359431841063	-0.27468279041535704	
-0.30813226798907656	-0.14628859771666064	-0.22306608806748493	-0.32021761765980644	-0.04885635444626373	-0.3194361753824097	-0.05045684430418603	-0.3445348041060995	-0.218705445404161	-0.26666284817084895	-0.3623819359527992	-0.17770329808059726	-0.14070407311320957	-0.174409935541945	-0.2511986154530786	0.034901078669025254	-0.37476611074182625	-0.3584043484778994	-0.20139500069985644	0.03164243737023607	-0.15798251774771005	-0.1232631744002594	-0.2514145472676308	-0.17218610650503768	-0.3545088883782845	-0.3432111171374396	-0.1506614562086478	-0.22803281096476194	-0.14861981139492592	-0.29451887277849226	
-0.23350481140401186	-0.15036034551446276	-0.22400693342338515	-0.2341508960692927	-0.07242536308475911	-0.2955694495777827	-0.1499270749984772	-0.2500162095550031	-0.2423020179323768	-0.2734422599144419	-0.23913015752538902	-0.17094442200771823	-0.2156099723889841	-0.2328062969429978	-0.25880936993083087	-0.08399934696143634	-0.28410315162621846	-0.2719880374441275	-0.21913522957027337	-0.13774838435121442	-0.14867716125072225	-0.16069884762307418	-0.28007979224986745	-0.19829892297207438	-0.32256649449748465	-0.30022808897769154	-0.1809110693043847	-0.25153541376156086	-0.15026210359306963	-0.2235483235975386	
-0.19666153444613654	-0.12280689693583884	-0.21599819582763377	-0.29527240843374297	-0.025098069076301344	-0.26729458898124286	-0.13196028982542976	-0.2677826952723203	-0.1843745024287003	-0.3010843155778397	-0.2700545129935706	-0.22338284254260132	-0.1326855799362431	-0.19483168203002937	-0.2566311109272378	0.004617900074112182	-0.3679425062707735	-0.2887536685435539	-0.15575909726848372	0.01210459905308356	-0.15190191903607614	-0.1006303433913319	-0.18522775083537418	-0.08819768169638172	-0.2576559301706307	-0.2829628154897151	-0.19567442202053598	-0.26537131779572065	-0.10955559077565795	-0.2767332793221153	
-0.32656997459352805	0.10214457239793322	-0.2445758411539687	-0.5446456322721485	0.9782263479572447	-0.7088284180868908	0.676143514318374	-0.6215878156902195	-0.24544243503205707	-0.4745876150345262	-0.5753192112709669	-0.008838797617988685	0.03963272809928641	-0.1822591977440739	-0.2069909085726498	1.5264720964916312	-0.755869067121873	-0.7999455302667499	0.11633818514758314	1.3023119813083694	0.0359473256352227	0.4214800532189807	-0.30119798282003846	0.2691844835006145	-0.7665804692910616	-0.597169386584595	-0.03948952646689015	-0.23859261223679556	0.1657645377686957	-0.4527889322272253	
-0.3326188177649247	-0.5088877321948891	-0.3719197821889377	-0.25808083585326425	-0.616737526844939	-0.26582029743232805	-0.5454808573898892	-0.16721602509648936	-0.40995161495992927	-0.20103070537458567	-0.13014056812913993	-0.4671957069217757	-0.5117593598648443	-0.4665876030448101	-0.3884886187780306	-0.6796757697005001	-0.06665973358039723	-0.13524902572161862	-0.46956743350541613	-0.6734850126242683	-0.4652026027799554	-0.5572709561734125	-0.3369656190243584	-0.483251368356596	-0.12273665573631957	-0.10391217285803733	-0.4124495544433404	-0.33452193319333967	-0.5071009609513221	-0.19113904425048497	
-0.27212332186629257	-0.18229539461081112	-0.296771189651123	-0.30671113476549167	-0.13082767099777223	-0.26812922379733517	-0.14411859467328272	-0.3208902821512069	-0.2626344739244882	-0.24094499175764356	-0.3236481230319723	-0.20904016893627675	-0.15597770254525498	-0.20781047742292819	-0.27699078359299123	-0.06446359034770015	-0.34292351250837416	-0.2519571847105998	-0.22887041998792496	-0.03719661553381553	-0.20067339412405083	-0.18509085432682135	-0.2508754261405161	-0.1387402218829749	-0.25918547836843736	-0.34467718589197527	-0.21021700984395647	-0.2825962828841063	-0.14984914772844263	-0.307716829440724	
-0.2654011353495619	0.021795315994746066	-0.2093426196024186	-0.49876152563016957	0.6535829027574906	-0.5692161710356001	0.46147160507429763	-0.5380143265843362	-0.19203617825648692	-0.4639439096764057	-0.4942764699103978	-0.039696492675872656	-0.007824996157101381	-0.19046531370507758	-0.2237475809405562	1.0457964734257235	-0.681268400341475	-0.6496678188602065	0.0070145320624291465	0.9578975929881377	-0.005469063350135092	0.3033442082619937	-0.24069395690228634	0.18162114238341248	-0.6321244455447571	-0.522447292989551	-0.033921812079599725	-0.2171826543423542	0.09121342624845503	-0.36536916994392693	
-0.22825805073279118	-0.1881044017797495	-0.2567801479699182	-0.32470744836026505	-0.004582537878015181	-0.2565403039274822	-0.08534482728093899	-0.2693633758001184	-0.2791349837817205	-0.33601721323642364	-0.2746904280136987	-0.195691691537907	-0.1853265967119515	-0.24315895142617425	-0.18578411165090283	0.06263568917867977	-0.3544354916234915	-0.29002876963113333	-0.20130847663052664	-0.00886028472093402	-0.17269650822374108	-0.11614869370028406	-0.20882807953518165	-0.15252848726478374	-0.33198274436781855	-0.3302243586750377	-0.20561819836238468	-0.24892851045913586	-0.18766490962960647	-0.3251791882700767	
-0.2431376519488078	-0.2014731689162107	-0.26283656734881466	-0.2937150029205072	-0.11549887033717911	-0.24598893074802755	-0.14405426316383904	-0.29008315455427597	-0.21339963998768297	-0.29995008684066926	-0.32485278382122657	-0.187461082929439	-0.1895781219579239	-0.2192725663383606	-0.2314570373870764	-0.10995777714558613	-0.28462924286705554	-0.3225776032806231	-0.16818827387587582	-0.040012569718486685	-0.22798351018194798	-0.14607604900854573	-0.24298187504415072	-0.19062580611640334	-0.2675390289234413	-0.258129135700382	-0.23776228495457388	-0.2704987486808326	-0.19014839596152913	-0.2998175284948041	
-0.2939949542813336	-0.2592240727105122	-0.21336989391472394	-0.2712532491328335	-0.2151172568769375	-0.18158145417937988	-0.24728807316527762	-0.22055338287075107	-0.28804236690598745	-0.2261860446785756	-0.28170758266161844	-0.21295931122591336	-0.29120562857914883	-0.2003587158980119	-0.20746584703887702	-0.25226387690047924	-0.23690671792490925	-0.25494704697762494	-0.23275286383525107	-0.2566600622553686	-0.2380114179281309	-0.19849010789564403	-0.29067843132729454	-0.24370394551663474	-0.291813834390697	-0.28061614476687896	-0.258213999491363	-0.2835280650481748	-0.2366257350145277	-0.2812740564832753	
-0.2720569990820013	-0.21053240756810968	-0.2374223196808008	-0.27066926422828796	-0.0810504077169089	-0.26283280270162407	-0.07497946589080214	-0.3276086491852568	-0.26257405265348466	-0.2578886267875405	-0.2787891690710746	-0.22733002904030442	-0.18844427913431486	-0.19369194661433844	-0.22368727454073345	-0.030766612165593402	-0.35861270580612903	-0.3285457449631675	-0.22339919888091983	-0.05976685811995732	-0.14422996359544296	-0.13586120297858073	-0.27123480066583566	-0.18645870883565974	-0.26817034782123295	-0.2905208447278598	-0.19537350520090213	-0.24282609650308354	-0.19110079146561781	-0.2858461773844221	
-0.17723083701286269	-0.17292220062343067	-0.2544407693311804	-0.19101943004393723	-0.13998069226905643	-0.21102473918416087	-0.10200256766790176	-0.21322109032962774	-0.20787033388709253	-0.27823626501838267	-0.22251591559091236	-0.15206531704501827	-0.1406892589481666	-0.15152700717836887	-0.19780810746638988	-0.1061078929883921	-0.29837368774806833	-0.22566178571085993	-0.15164170713300493	-0.1251021606955099	-0.16292576637153883	-0.1604811288031717	-0.23965045562709916	-0.16796839887612616	-0.26480282616414313	-0.30014777535256365	-0.1487937415441047	-0.19971029314140112	-0.13425469327971248	-0.19175776412164575	
-0.20847900603243147	-0.16342189164521675	-0.18433641235290732	-0.2337326358846168	-0.05786408274267685	-0.25015744175254684	-0.0854511638870131	-0.26327407183039353	-0.21789964728163166	-0.2259280855147608	-0.25725517914866447	-0.18633037876176106	-0.18050276735184195	-0.22661924167330932	-0.23433816040407976	-0.06853213416559407	-0.2696884795912614	-0.2584655140351017	-0.19957471520706666	-0.061566644594080594	-0.20063032108021556	-0.10734443156515197	-0.21390689193728962	-0.16568116552613443	-0.32041030833690715	-0.3306652652307551	-0.2194264690671946	-0.2463972416863514	-0.15826643499343754	-0.22340812263075324	
-0.26858962655872176	-0.23256953018135165	-0.24700118287692144	-0.2299224143733878	-0.1647671221298278	-0.2117155456746292	-0.2070033344884637	-0.2456790654127012	-0.22992369523796743	-0.3102738638258758	-0.2394715454834844	-0.21407411879203872	-0.18218336302029092	-0.2560143154953561	-0.20236537506972171	-0.13081638882335203	-0.3213769583267925	-0.24161105931166243	-0.22265743384767891	-0.2077899897772487	-0.24307515622002987	-0.18061899991668717	-0.23082485618143272	-0.19580139586170744	-0.24955874899210007	-0.3323524384102332	-0.22072481677590658	-0.21352907144156968	-0.2269197292406059	-0.27708424503972073	
-0.16616171918839337	-0.5354466601859037	-0.14918240382048428	0.09071724370652672	-0.9086619446095314	0.1838720948855113	-0.8037811096541978	0.13894009712152444	-0.19200971902093456	0.00867437993931296	0.16316224769748816	-0.3316593525777129	-0.4631125077831427	-0.27110085272288714	-0.30651151770107077	-1.134807545905735	0.26887921663309344	0.24922683483091468	-0.43202421776079386	-1.0767500681583229	-0.43686867953848235	-0.6547013333391171	-0.14613526572773655	-0.5681889464186785	0.2854115447727109	0.182647138892989	-0.422794516489788	-0.1552232437633629	-0.493781192633723	-0.019188504172124043	
-0.8210320187250119	-0.7463069965054935	-0.853722546546336	-0.862181347207091	-0.7172356042866984	-0.907158270334798	-0.683872798999482	-0.8514160504006134	-0.7881307424851443	-0.8115914251047663	-0.8589815400484615	-0.8368420363438879	-0.7697746265272082	-0.8438765630382535	-0.7827363523288369	-0.5977668412775594	-0.8741519532415896	-0.8709968447054472	-0.7746914680913556	-0.6151068977054418	-0.7760759246500614	-0.7568552933743949	-0.8263449838945941	-0.7743390114934154	-0.9181378038279876	-0.8542907909780743	-0.8162472227989505	-0.85184382174887	-0.7894715592687337	-0.8520187888112405	
0.23001109751488785	
-0.47629464615608813	
0.17057670136032071	
0.6423930567388295	
-1.3412235910319044	
0.8782492193717619	
-1.0367717997284784	
0.7512562028305341	
0.10657723171451579	
0.5587314180686348	
0.721961206421667	
-0.2304313578693742	
-0.4108896109865557	
-0.03413511722654029	
0.01142020759488949	
-1.6982972022414753	
0.9708204344036246	
0.9686829206058167	
-0.36994775939833036	
-1.6177750545824852	
-0.379527923878521	
-0.8529727302610332	
0.18808305073529505	
-0.6207847929126735	
0.9645013088751023	
0.7764771507663971	
-0.27516216519174513	
0.18172228009809266	
-0.5138524928467724	
0.5285493220052387	
1.6741543520375737	

