0
17	34	30	1	
-0.13293070144393682	-0.2149610797459526	-0.04882256213941541	0.042071708652355634	-0.06312107632453173	-0.08481730845505855	-1.6355489694880658	-0.14018230128201511	-0.10280838188992894	-0.10586868995845217	-0.7779022675096383	0.3390835967758286	-0.11794773386718489	-0.07961258372699342	-4.685874554882287	-0.02776413895976916	0.08063879256258	0.00596340255017696	-0.13905266939642957	0.0012068001860201774	-0.16937161737532852	-0.06637621830933496	-0.24153972391480935	0.6354979331542191	-0.1371767569789216	0.03450979523351247	-0.06518791205594145	-0.2013085134794506	-0.5012289705436865	-0.049002301612834344	-0.4064742039375648	-0.19988426005514104	-0.2611730541509081	1.5754968445056083	
-0.0600555929682913	-0.09049487616550504	-0.6120250831816777	-0.6863589216043533	-0.25615441930480903	-0.2908162306163334	2.5403025125495025	-0.36527028799519856	-0.7440484189242862	-0.2774693310523735	-1.5962771683540853	1.2878308109385055	0.23170655904190546	-0.39968678119295703	-3.7281087208001145	-0.5765630911802639	-0.7260786976403416	-0.679612077008377	0.44061096807350947	-0.5850909587063748	-0.029429371999409006	-0.27852694956639623	-2.5757282362143465	1.8764165324029007	-0.24108075837964113	-2.1368065077549137	-0.4775144724873421	-0.10548037102847424	0.34924209792051597	-0.25634876430700215	0.03027418487469965	-0.061274343981641166	0.21095386338961336	1.8836702877000184	
0.0034565304933508287	-0.0650253865755208	-0.6463664158088853	-0.6956599079651199	-0.21578634876180772	-0.28273484556234796	2.399668682715182	-0.4487475454648758	-0.9370664926696305	-0.3522775893497126	-2.447787247602386	0.4603309722063146	0.26161108840507225	-0.4256334596248119	2.9998806953563717	-0.6234115080651329	-0.7433038019093677	-0.6650448819157224	0.3233100593065989	-0.5584539337230886	-0.09077856526402762	-0.19986701998690928	-0.8301344290919456	0.6653944871927872	-0.2547938339779061	-1.0337727006220572	-0.47930715412758235	-0.11759852817648062	0.28109778444870326	-0.3177876706390719	0.12553807084891858	-0.014934315889959733	0.19567452867272764	0.7522370191968261	
-0.3154040518274578	-0.3261460712621943	-0.41084391895633277	-0.4850120382474126	-0.3557232124199294	-0.4148794310747493	-1.0285156340047754	-0.3999778850954628	-0.4205116005051828	-0.30599331726248963	-0.3516984640299202	0.12755584849060883	-0.3449284687510225	-0.3358479783355283	0.7961279692604886	-0.3847323758245242	-0.5050735565777275	-0.4109707627773927	-0.2461811479307445	-0.40794950940751085	-0.33552637092575094	-0.3403835297150792	-0.5522971781779091	0.22949899250006187	-0.30165735608406863	-0.6850035546252148	-0.412554975705151	-0.30916691327461626	-0.20277985291777273	-0.3238448267622325	-0.2843265067683478	-0.32935983817447767	-0.3070617707485312	-0.22283837938057544	
-0.11569285754819589	-0.04918870961623706	0.07727492886389431	0.1467814773130762	-0.07937657785437781	-0.004077400832701816	-0.6930054106581891	0.0038794001952959243	-0.025718342951999713	-0.06503446426773069	0.09025135886719411	-0.17310035291229187	-0.2935856921244281	-0.039800350023904585	-2.4594931612698394	0.05935941615372873	0.10033523346843017	0.044896228966835434	-0.22618564996783383	0.02741635979954522	-0.14202211177309607	0.0033115653541418754	0.46142801535041345	-0.13952021842943366	-0.04545394991755555	0.6229723530511755	-0.02297294333732555	-0.04352261754681574	-0.20304146650773128	-0.05828013881677264	-0.18337669966298714	-0.07660773738206757	-0.18460350893863126	0.3122359670833324	
-0.2093205254703135	-0.15477186595161654	0.011366910135362835	-0.05194274013615845	-0.09087585012360803	-0.05287736830660114	1.7959890371927907	-0.03232662979269949	0.04580122678343277	-0.06721940196214361	-0.13921961744764727	-0.1135350187139142	-0.15753167804947169	-0.055971778544106295	-0.2694617834373734	-0.029198091370335497	0.008609597427688388	-0.008732901502484824	-0.2370914542873082	-0.06604774187318115	-0.1248174455610398	-0.037954265792050836	-0.89693813085735	0.15459459918247478	-0.0697640601334783	-0.5581918293676713	-0.05465940628843853	-0.1301188595374917	-0.26724548330451603	-0.09121198328301534	-0.1765883965639632	-0.1467728122434532	-0.20267887272480425	0.7717488588327653	
-0.19972443686073665	-0.2187929760273034	0.16525248540528623	0.08669022069858306	-0.15629709125469982	-0.11079250541522633	-1.1604293924419098	0.041493028228295384	0.3895549518015992	-0.05571909285804302	1.7908936517545317	-0.3909956503749761	-0.3487680544891837	0.02053847139283722	-0.5445340046453667	0.09867658458414187	0.050531252903188544	0.1303009999669028	-0.35676298112452093	0.05198932780630015	-0.19608513038632167	-0.20430582559165175	-1.9176989211078135	-0.6914171615695948	-0.137831982907717	-1.4064300022237806	0.07698367926220279	-0.17075773240377282	-0.24288431874913813	-0.1484783875828762	-0.20420750950722505	-0.17209778424789965	-0.26501905064092396	-0.7951316840282449	
-0.3531720114758014	-0.280711122304195	-0.4476930107682856	-0.41450718810714293	-0.3239676913289908	-0.34748162824356954	4.068949253537515	-0.37927831816518387	-0.5333885712918833	-0.29533031730948006	-0.8493151020805683	0.18841779112751508	-0.36029339629925144	-0.35119057007938936	0.06642257237822584	-0.4230335170144169	-0.3587452367638988	-0.4613277691225443	-0.26044273738353724	-0.36704744402810674	-0.2672274993245667	-0.3841161459426637	0.7271295863731461	0.8832572847521847	-0.33748473558777997	0.4010048135696218	-0.35061945785242676	-0.3350535465112606	-0.19506054831782788	-0.31985978678181104	-0.26968086101781674	-0.3070603381896598	-0.24448327285165114	1.0833677806326605	
0.007753787999625517	-0.03943013660968995	0.18327790687143194	0.2958076664820053	0.06321063732762783	0.11096553692954757	0.1955293548257496	0.07583389832614253	0.19580663813837915	0.0241492988457988	0.11755424812380665	-0.48871543927872246	-0.09651966412310202	0.11106624032494142	-0.2805528756510389	0.13164613889103002	0.2542102890321403	0.19350646264469482	-0.17085113572059	0.1442918845779392	-0.01302997266596169	0.07551097681941941	-0.03242601167982488	-0.5758698823844878	0.012680127705572562	0.11887558050886815	0.14238425622421813	0.04699222695786446	-0.16069439112103387	0.03965472766553415	-0.056593874685684185	0.038332213546724815	-0.12584775563991824	-0.44153080144576284	
-0.16273172225693963	-0.15435383698567332	-0.42250532569277544	-0.42070497053762274	-0.2518847120241448	-0.3150653280999846	-0.876965157335258	-0.344478482560398	-0.5269576638561188	-0.2994664161194841	-0.7008694528907178	0.11311358204340788	-0.1526132550377254	-0.3207848515245368	1.6496864003491865	-0.3821970002837201	-0.3818123881010228	-0.4288658151887061	0.023225374403364245	-0.4082543915236565	-0.16724615178272953	-0.2919675588074796	0.03509915919055684	-0.28003817279299603	-0.22288043392236173	-0.209922724805407	-0.3223751396443323	-0.20786535997153716	0.07339286930790787	-0.3022380719099804	-0.1319391976475389	-0.2325825439376158	-0.019843303823061896	-1.0214520549476116	
-0.08987029549257702	-0.005288234045184252	0.2754739455720777	0.3888918449941519	0.02489952923527991	0.08805580189464748	-3.3852284638581676	0.19218139352874622	0.3528182310680079	0.12847497717217807	0.7709579582437467	-0.6701596522752911	-0.3155245764101939	0.17290166640181256	-1.671637411860279	0.264613349755282	0.42130673648790157	0.345980805801459	-0.35380301498872463	0.2604654418749535	-0.04361850195761274	0.06214093774877377	0.49774069973398455	-1.1983493784349433	0.10439936028026492	0.5427777933325406	0.1679320188381299	0.003806066765452937	-0.3161524486808961	0.11613837197843753	-0.15226998798634955	-0.12192540157129338	-0.26921149520585846	-1.2578163475658504	
-0.03255479127332442	0.009651201354539932	0.22225176481525202	0.375879221278357	0.030523164029823364	0.10320562035312593	-1.3586191893369701	0.13911831579099396	0.3116543666509439	0.13855073602655316	0.6351598558022853	-0.3358431846478076	-0.17044138841895184	0.19631759693705092	-3.1718089113329504	0.20619751678639617	0.3958282128030286	0.30091911115076136	-0.22929304171205622	0.2534010213026064	-0.020616224820162867	0.12964853040583088	0.5637780405199979	-0.5350552878334087	0.10830952429266698	0.6450612649272714	0.16933931995278612	-0.016682527282041285	-0.14625533889949946	0.08029378903604084	-0.051050634421691915	0.031647655612607045	-0.19690432894474671	-0.20010044832042742	
0.007065139848323705	-0.029457283683409843	0.10709236779301005	0.03853970736149579	-0.007019098259757968	-0.012081919344876062	-0.3072992360689914	0.11550652000062558	0.30727222478722566	0.003132327231121405	1.4786261570725856	0.13104116856072856	-0.007007867635871664	0.027693441442290172	1.1960831275862587	0.1310259882923033	0.018680625367597136	0.09642171927701053	0.03005748234145738	0.09261236225639458	-0.03784710199681902	-0.011374559130347283	-2.7986490516548934	0.2529672236087078	0.009706810445987054	-2.039914538802714	0.054844385312164234	-0.016138489028540474	-0.032081466602414926	-0.03199386861886221	-0.044189991008749645	-0.06516357294786573	0.004441269930971194	-0.15036357079599558	
-0.015156810918183683	-0.02635086517015083	-0.02060141129847289	-0.14065669490582616	-0.07700281352658607	-0.04762810073062902	0.9820253515402213	0.008620078098459327	0.10535161776833042	-0.013947154460102544	0.8540599199368643	-0.25906887800505035	0.056370327860051826	-0.06768396957303155	0.6266265838742753	-0.06404853130429296	-0.11375354020149353	-0.09421495161855307	0.016596148366098153	-0.10589232754538902	-0.06818174217228345	-0.12998523483041188	-2.0479333302174427	-0.5654988579133591	-0.04207795712157257	-1.6924076175858325	-0.046937733739689624	-0.040327755934921314	8.69238721133957E-4	-0.043534136485148166	-0.052971362043440884	-0.0593731508237219	-0.004544335274795731	-0.263432979959364	
-0.14745382201153612	-0.06703659023630537	-0.12155650742581472	-0.1606035144750464	-0.10913702384679412	-0.11416318475396656	1.363388183982608	-0.1336025663773447	-0.12192718161607946	-0.10526983732878004	0.18287090912378412	0.24559285054541746	-0.14071130186139602	-0.11594874960584765	-0.8076100679804848	-0.10676305056734121	-0.1340220806190467	-0.12646953301189937	-0.08756921936501277	-0.12945344594863797	-0.10993274374694541	-0.16737988374570284	-0.03114988795578911	0.47911353588548533	-0.06078561667727891	-0.14524266159440224	-0.1758434542297714	-0.08190138069828902	-0.014501578919008497	-0.07199378611149118	-0.10161048255423512	-0.13375175949280949	-0.1061522134204942	0.1899979745055209	
-0.12233604803925788	-0.12039981330803481	0.12902137614303696	0.10142067615885188	-0.02603237906152987	-0.05313282137923556	0.006826493402963555	0.062127576540758164	0.1218494453655949	-0.024170976696075066	0.4356880341577196	-0.02049144365023326	-0.22435911338189551	0.008894112577290829	0.16995466467003892	0.10749146212309156	0.05554748754601094	0.11873588471639852	-0.19080444337963332	0.07426779767159	-0.1495563975238775	-0.04900802004480958	-0.3742660792426841	0.1133652551149159	0.005630134968932435	-0.2781533195713407	0.06598765978880344	-0.09356338429077364	-0.20744732094872406	0.02483696006652151	-0.14330569671199864	-0.1000145749132051	-0.1587534368356787	-0.3394099027131344	
-0.05454101171221693	-0.09790121345387981	-0.4049995017971273	-0.375016020437216	-0.24257178642527566	-0.2163295686296291	-1.5100121748836317	-0.2867746287988677	-0.40728270522965265	-0.22812380337150273	-0.7092396304285928	0.0906299844261313	0.01056916894827353	-0.22794554110889337	0.8402340140212864	-0.31846135455105884	-0.39658465126217785	-0.30152604253232934	0.08548289559155034	-0.3503146705931405	-0.0725664235178657	-0.2132472338260282	-0.40229934257029587	-0.44171525013243507	-0.20303483034363645	-0.4936909974513936	-0.31549620147203655	-0.12983909703285568	0.1243163305009511	-0.1697003488957418	-0.015797496569785394	-0.10686776557419486	-0.018065448408225583	-1.2151367013735923	
-0.11885373947286812	0.0033764256738544997	0.15008845564838663	0.3464286424806001	-0.026280595056973256	-0.007855375026395417	-4.954821677225601	0.01165612255942241	0.08534893744256795	-0.010660117941779484	-0.029915258362455628	-0.8425550463883181	-0.2571580641879215	0.06965069150993629	-1.559798338357473	0.1486957963114651	0.2535715758204901	0.25666579436473325	-0.3327000423687764	0.19261805178722163	-0.10320077399104435	0.031897239282263824	0.27965376751322596	-1.8751026398794592	0.052573523861701374	0.2547344043951908	0.08842834317246967	0.005001829429319231	-0.2689237331576322	0.031149291914335547	-0.20220971276449248	-0.1246820010685309	-0.2622063220892283	-2.4918351653115836	
-0.2718241482565126	-0.15273905712936814	-0.20555618486113086	-0.26691204414123026	-0.13969019424444215	-0.24464132597925617	-0.10082297765646346	-0.2694318401779917	-0.2541148083387273	-0.2733817564942629	-0.32935831025461904	-0.17822188066410613	-0.1554405781903333	-0.22334573967147772	-0.20193879758478078	-0.15911413180255	-0.3292387536973054	-0.3113148273598349	-0.20312182596187583	-0.08051375882011097	-0.1610860415880163	-0.1534234542418667	-0.26096592716640876	-0.15510478875616485	-0.32624676951382364	-0.24547525199859366	-0.22655101464853578	-0.249785520909434	-0.21076168006149254	-0.2604738868191426	
-0.20223189190521101	-0.1824511521051165	-0.2717124022561751	-0.3136019834173594	-0.0941236716254292	-0.2698929580098365	-0.1367818327516537	-0.23350241747646272	-0.2240576629375463	-0.24662699639273136	-0.24009767703938195	-0.23670103530420558	-0.17844389170413844	-0.24384991248139853	-0.21746045785544843	-0.08613775823017526	-0.3294825027265405	-0.2953705945572742	-0.21196253212937846	-0.10032819893082015	-0.16800744293154182	-0.136549821797385	-0.25246122822608763	-0.18232769467994375	-0.26231450691468505	-0.32108750612807285	-0.21834213607948905	-0.2695811975115017	-0.21142645916568772	-0.23468792932480767	
-0.2398317976283015	-0.11311851018051178	-0.20140798935783477	-0.2739551716754034	0.08640034248909038	-0.3624191016143073	-0.03177146210098778	-0.3326877723493115	-0.20117121491521756	-0.33409766474251285	-0.3248931271563296	-0.13006848541299684	-0.10099027816172537	-0.2222149887690884	-0.1970482656549594	0.07972801121157834	-0.3260257267564175	-0.35612254437405916	-0.1859997451886382	0.10849802403757265	-0.16179532040073563	-0.06749466104461231	-0.25676398775792897	-0.052415475702438395	-0.3478055779264027	-0.3138822004610935	-0.18215359869788425	-0.25497766465675054	-0.13451103175688559	-0.2858690028011859	
-0.3059291607650617	-0.20556943025383848	-0.26074433256525165	-0.3439483271032191	0.04358676788744445	-0.4020823473043763	-0.08016294483479423	-0.38618756245480307	-0.2832038847971149	-0.3596431822756058	-0.40699363877268685	-0.19300582723075058	-0.16769937446593783	-0.2458518808295256	-0.2900420562433182	0.057366347463737574	-0.40853113799096163	-0.3998748511170372	-0.16695924078382907	0.10062047735966599	-0.17519509296445732	-0.0759278654575727	-0.28440403274103604	-0.16247968587700537	-0.3816527827057709	-0.33522495035725197	-0.1579598686368739	-0.30912325309525884	-0.10739722396319248	-0.32404942418748023	
-0.27828513577416275	-0.19110791580932945	-0.2635319130568042	-0.31679877340162704	-0.010552131219739724	-0.3186137994723201	-0.0724560080420731	-0.31083636466807607	-0.2469951054520689	-0.26633738970421034	-0.296271635395266	-0.14925349820064115	-0.12842184587387	-0.17727994887364243	-0.22606750637707707	-0.04293965911421025	-0.3096561947549962	-0.33376504710392246	-0.15925465865922858	-0.030815750047137998	-0.20001239642376242	-0.14713899348491682	-0.18175172699402528	-0.14403077238804388	-0.2817216861302617	-0.27406950866918856	-0.16217764694036205	-0.17527857275031053	-0.12066379040515021	-0.28831462012661774	
-0.23155746641770228	-0.15408185966259094	-0.20081040047328794	-0.31951698497216724	-0.0283973385889227	-0.2790875650837123	-0.0850797932288674	-0.3264906867722425	-0.2433847559714225	-0.2270784106812293	-0.31633961632351365	-0.19059179569229542	-0.15237295533496042	-0.16103391542312065	-0.21884487274626316	0.030612411893547655	-0.34485782907051604	-0.28216702494356294	-0.16883811088662914	-0.004496710539100186	-0.1249447022721412	-0.09492245867425109	-0.23196071426724033	-0.08716712824428535	-0.2715474784544717	-0.3322049500045049	-0.17270914555062128	-0.25879630622524324	-0.12145533587436133	-0.28192460965802524	
-0.09023266421068969	-0.6782567669006736	-0.14996070549510793	0.3843829520759262	-1.309753086797883	0.7185346639967695	-1.0537667534707202	0.5104065262844256	-0.23693456615183142	0.27444400131727503	0.4596273399327217	-0.45705276995615596	-0.6293161990250989	-0.3393611113376716	-0.3214807469576845	-1.5292904852901268	1.0145224235498067	0.9948527567782978	-0.594061590582724	-1.4955598846838214	-0.6161073954197032	-0.9668998253960194	-0.1473930993058705	-0.7580341823543036	0.8896469761966902	0.5891652164989097	-0.5325631728398261	-0.11349997421933224	-0.6849282698517979	0.25788491033441774	
-0.20829350380951245	-0.18476307466708383	-0.23327161498617596	-0.2572568858785009	-0.018280033294383182	-0.26296600115349006	-0.06819142251764794	-0.28449887066488416	-0.23052982766326108	-0.22058331571312192	-0.3381512029687828	-0.180998540922107	-0.15182387812987422	-0.2045677783647337	-0.23976012625994755	0.06531392997436034	-0.3162490559965754	-0.32595034784835836	-0.11539248763693695	0.04811986359302007	-0.1868805816781343	-0.07073035634925615	-0.2499016732835967	-0.16026816428907475	-0.3403497466473154	-0.26436830727128396	-0.13872758238869792	-0.16870680188890733	-0.12112968497513417	-0.27949688904015846	
-0.19364291579106027	-0.09893864982062764	-0.23129031452656235	-0.34383037171863245	0.07379290638963992	-0.2960432032426463	0.05806225393695428	-0.34238260261950215	-0.15599789457975696	-0.27797296923256626	-0.2795952159793677	-0.17029871165538024	-0.0892101353585884	-0.18387689875376606	-0.17169853826185644	0.16736789144734487	-0.405777474287138	-0.41596808361495463	-0.07178093169948244	0.19622778635104454	-0.11167848836833447	0.041824977867849056	-0.25246008819441923	-0.03367441193579217	-0.38058745815211514	-0.3155121444560649	-0.10770284019979233	-0.197920166632601	-0.054254416060182845	-0.2768664778552239	
-0.23069379151806985	-0.12302210241880154	-0.2308763519259061	-0.26458976540577606	-0.031153075530153222	-0.23846107309931996	-0.08898245728347358	-0.3206490773783159	-0.21692131427488778	-0.29708773688931517	-0.23837389596159086	-0.20274212719644086	-0.17580496444934088	-0.24280148992482017	-0.22600827522511852	-0.03037941904820128	-0.34613826468767633	-0.27141207698645897	-0.11440250388934005	-0.0011764980405715524	-0.11404729839543257	-0.07316316377973725	-0.17508394707142244	-0.1458461416409776	-0.29928927222748264	-0.3033822615849813	-0.1469716833294684	-0.1905317701571471	-0.1832812935679954	-0.27767949401045067	
-0.2137089092380083	0.08737662333649385	-0.19821837346526736	-0.4213582817750593	0.6273731445791596	-0.6355331664802808	0.38451301779156083	-0.5000754352291976	-0.21291456004065615	-0.4155317420426273	-0.4732382653005298	0.00679144492761261	0.09771384397920714	-0.0534877708540653	-0.15516738352049136	0.9638048400081891	-0.6460127137328227	-0.6865124147103937	0.026188072442779792	0.9490348554356679	0.04027807538865665	0.31746350883008045	-0.1768149179171438	0.15562195068639284	-0.7257933395522431	-0.5174621434333369	0.05136785249833317	-0.21697028918020803	0.12289264684179796	-0.38312781227249715	
-0.3358846422890316	-0.40440916171931857	-0.353217111286692	-0.26434054782680066	-0.49500217818122405	-0.35270066218881396	-0.4664728331001546	-0.2761364550429781	-0.3389519565576916	-0.36608300855474585	-0.24803618227046764	-0.42807910749485817	-0.41775495205841046	-0.37977548719062054	-0.3438082352154967	-0.5568000728496816	-0.20655726639472213	-0.2792147278381109	-0.44709328238350216	-0.5712611246577438	-0.4641090028574677	-0.47722995776317134	-0.393117454764333	-0.47757245884668625	-0.24956238770290762	-0.2594802534251124	-0.41684472029317104	-0.3244304479150566	-0.45665556574297017	-0.27833963804868994	
-0.2808809366575564	-0.2221938362721765	-0.18489862002191962	-0.26320612434962704	-0.17610908485631938	-0.2646931454606636	-0.18360884743651712	-0.2664848012044831	-0.2254373645044687	-0.29989076300724277	-0.2798016917293826	-0.1586492703257598	-0.18909127556677216	-0.17348452026287128	-0.2091577963340681	-0.14398117272450303	-0.2738823773132827	-0.26282229409370766	-0.1911318904614897	-0.1697832776426917	-0.17884202055823503	-0.1524328674231081	-0.2079004131359452	-0.1597598757275263	-0.2921556325799385	-0.2825894618921254	-0.20080032728736444	-0.2551670426797842	-0.22584071993673302	-0.25454657984887247	
-0.2700916998992945	-0.16726406043683614	-0.26871267349979183	-0.27347102184189964	0.006420921496168499	-0.29653906330344354	-0.07711096814960464	-0.3504391177573438	-0.24493603008243725	-0.3363928308168563	-0.3146486353062583	-0.22279268665289875	-0.21897962587865588	-0.18017037804771935	-0.17784230041690982	-0.013720581713109387	-0.3781649480460893	-0.2857415202429497	-0.16266174749221263	-0.027583875308572037	-0.18826021474763655	-0.11886873492530298	-0.25083878556534006	-0.1683881460727004	-0.3016942363530318	-0.36558913889290495	-0.21267948174460288	-0.19190794433287248	-0.18040231134032295	-0.30519039309307655	
0.016187169239127712	-0.7545218918276793	-0.0351621725476968	0.5714138404467883	-1.5519847435458107	1.1679356565181622	-1.2333463271049725	0.7886038349119681	-0.12413065401636666	0.41046214625143806	0.7233747115013741	-0.5308573976110552	-0.7032993772880598	-0.2717113108930695	-0.23133395441567098	-1.7217402740049372	1.3925267541106094	1.4247289419606528	-0.6064518811988625	-1.7538327480427578	-0.6748649208621513	-1.07340437953266	-0.027811000159444165	-0.8634528992893012	1.4682162124886091	0.7503653394406821	-0.5073158757987302	-0.08409514509210553	-0.7915030256578391	0.35757784206222387	
-0.23407358391921257	-0.10503930407497859	-0.27356965908551895	-0.3164863759631323	0.02604506123990278	-0.3440341813113882	-0.0590802702215745	-0.33874692448674165	-0.23809164003043634	-0.2756682349596065	-0.3593547902612842	-0.2232151328951309	-0.1724238004730835	-0.22095815565526788	-0.17711249098457887	0.0794339143686254	-0.3649116543577911	-0.372222842147549	-0.19885980495393232	-0.0023986753414670537	-0.17190457407256743	-0.06630675182279545	-0.22289825331184332	-0.100682799245764	-0.35206825622445936	-0.2998360712399698	-0.22372622197767808	-0.2766233531519646	-0.13496592577714162	-0.33601347482666133	
-0.2490878199304051	-0.14980139480350124	-0.21194991957995687	-0.29547043893632413	0.0912271226949371	-0.3492935303782037	-0.04747142745425745	-0.3605039276753411	-0.207022229192288	-0.2966449781503223	-0.4022713156449292	-0.14625312055020034	-0.17876981343615048	-0.21389666031060905	-0.22924467400031298	0.06263404685603371	-0.4342219711528076	-0.4388050113967528	-0.13756280497548554	0.15035998548808371	-0.1796752719828231	-0.10188847496090594	-0.21687096133114067	-0.10223033075788958	-0.3570753722644049	-0.38477965688190735	-0.14536586731212162	-0.2951526929903102	-0.13643012545592326	-0.3261523998503562	
-0.23060181858981482	-0.13317706497762677	-0.2416746441784475	-0.3388242557954069	0.022923471223532273	-0.37477346626906416	-0.0874024149735534	-0.3676923119074471	-0.2959797228998828	-0.2931153644853294	-0.3720794789875774	-0.23122237947912028	-0.14539013199167475	-0.2548770937274023	-0.28222110606709994	0.039197089358432885	-0.3920091589244504	-0.4017599726600964	-0.14790191131597674	0.06199514042370122	-0.1549612670742874	-0.08188190950156003	-0.2167140315725896	-0.16865302268728585	-0.4043278392096415	-0.3574303305033524	-0.1605356455700816	-0.289109657178454	-0.14915728252390018	-0.3480843312698614	
-0.24788002818017696	-0.2110936166309085	-0.2571643110407468	-0.24210402573489026	-0.2769346678962071	-0.24452422358439788	-0.2702649241814577	-0.31081512675390766	-0.2256638377673999	-0.22161081640125113	-0.31411167038614873	-0.265842629712356	-0.30012180681197165	-0.2405446701184745	-0.2702171711147474	-0.2998560416496637	-0.23736059771080478	-0.3254812680968616	-0.2967286780348882	-0.2525884063286323	-0.26600123141471155	-0.21783008863936432	-0.27904162145786293	-0.23665009283457092	-0.2874484774848162	-0.26808829637496945	-0.2741042451821204	-0.2121423764253216	-0.2324818564172282	-0.25891439867836763	
-0.303398339982063	-0.13344066912628452	-0.21758614574378	-0.32490853749428017	-0.027857206458160637	-0.33994934568870233	-0.0333022423586596	-0.3522505805807174	-0.21201660273782863	-0.26878790908569106	-0.368673658181027	-0.1665236216572084	-0.12763531453978524	-0.1656903613416155	-0.24313870647585367	0.057867066928952625	-0.3954169305707688	-0.3839600650114007	-0.188732396199804	0.054909755556185165	-0.14528169858415127	-0.10618779883210841	-0.24625512179919967	-0.15757395590571915	-0.37972261534124746	-0.35166329114424105	-0.1393066039184098	-0.22256871812555112	-0.1345005998066511	-0.2952556387125579	
-0.22468660293742568	-0.14135460405089137	-0.21503110553399232	-0.2304691742304431	-0.0746479032056951	-0.3064779177325285	-0.14712085929093704	-0.24817631901371628	-0.23269710423840448	-0.26807448613028156	-0.23569194930811085	-0.16059389382167688	-0.20561710063562483	-0.2225991246984847	-0.2487396513143741	-0.09228900581429604	-0.29281370285363184	-0.28633644732122043	-0.20898529142882286	-0.14503625290732755	-0.13870807497748447	-0.15385407645703178	-0.2712256609793967	-0.18989370675224976	-0.3357490382739743	-0.2980791068161876	-0.17076474415188114	-0.24245417096313515	-0.14075047116617118	-0.21711608066269408	
-0.19010052593676424	-0.11278055292279301	-0.20900751831822653	-0.29614195833443685	-0.018311077996262543	-0.2839591572102508	-0.1240072217354346	-0.27128738596539775	-0.17649947555812145	-0.2996835764453518	-0.27204045083844364	-0.21318826182121783	-0.1219362206883119	-0.18573661961190888	-0.24789769625331096	0.008271075750277532	-0.38397368194550685	-0.31004770676792864	-0.14507908954185095	0.016851302461480012	-0.14131138590500428	-0.0901667181226899	-0.17846360177738024	-0.07781047474729409	-0.2784162123792122	-0.2866716914693846	-0.18551359258928413	-0.25831326498382384	-0.0986812448375663	-0.2740508551589043	
-0.322773384228983	0.0898866052180071	-0.24093822798182007	-0.5433618542174002	0.883208555495062	-0.7189394531367758	0.6181405109152444	-0.6228316034995415	-0.24249695267196433	-0.4713749730780449	-0.5749621775359192	-0.012712254589991008	0.030613968506047026	-0.1813595744706534	-0.20531451199789721	1.356310348151216	-0.7687979997506362	-0.8161750598630522	0.10751257146213607	1.1584898430905999	0.027703080610871816	0.3857824348660577	-0.2977829284192359	0.248306473974522	-0.7824637017807209	-0.5975942143565814	-0.044113449361905976	-0.23479016428049435	0.15139278152340732	-0.4482991250926524	
-0.3159661461351745	-0.5033155291797914	-0.35557589375843973	-0.24295744897568503	-0.6608427742878102	-0.23291744541097403	-0.5677754341675968	-0.1519866068419129	-0.39346307933426217	-0.18664183764990866	-0.11911467863204074	-0.4539342055435555	-0.5031823758508539	-0.4508937006819429	-0.3720674237810986	-0.7565980009182944	-0.05471042628176883	-0.11183246391492017	-0.4596760873654602	-0.7431189908331449	-0.4556305495731008	-0.5684043657529132	-0.3208876859186439	-0.48196547128904654	-0.09698648329242826	-0.0966595392312423	-0.40060935931494657	-0.31887664835579527	-0.5014262594663634	-0.17749259717453508	
-0.2637146714271697	-0.17205657363399185	-0.28811681265863937	-0.30414200045822	-0.12641227400753577	-0.27996054496515416	-0.13731551398805517	-0.320245110513429	-0.25323339111784493	-0.23661039721472835	-0.3215372875383656	-0.19810068953610796	-0.1448882247594452	-0.19752806855140553	-0.2669458048492694	-0.06360444782070522	-0.3529728717999246	-0.2674487801511397	-0.21775501768927433	-0.03554711980239426	-0.18968314557498386	-0.1753565265526859	-0.24238364167786827	-0.1284723908566509	-0.27358809090460157	-0.3441925556487084	-0.1994411954966423	-0.27387466843221264	-0.13884713025477335	-0.30225840887004923	
-0.26602613908416345	0.02216081152079614	-0.20918803465176256	-0.5079551122721024	0.6230220136748928	-0.5946548677793995	0.44547324357202006	-0.5509951686000897	-0.19132668866269256	-0.4701198455540546	-0.5052310395622381	-0.038062535381849526	-0.006451321999317889	-0.1888988149481933	-0.22244804058128373	0.9802139312573054	-0.7082074388715258	-0.6811130488533657	0.007884701947866217	0.9056857610492842	-0.004152881621882431	0.296829312505806	-0.2409256400686939	0.17934143310831593	-0.6638410344465959	-0.5344873699691932	-0.032089136127918146	-0.2169395870174205	0.09104392560169527	-0.36996415760459783	
-0.2228338647689119	-0.17530015499050874	-0.2507005813604875	-0.32760509361782586	0.015041425644935038	-0.27408097335368337	-0.06882797836025717	-0.2747891327883981	-0.2719314648797273	-0.3366795870037418	-0.27873515323364983	-0.1843820230039257	-0.17228832515913972	-0.2340930330404868	-0.17731809759991782	0.08416369100446085	-0.37119018145892485	-0.31172333119239354	-0.18864446625295656	0.012707572767282271	-0.16001447580851758	-0.09954833894944379	-0.20303331671346372	-0.1381442653811804	-0.3530939797552684	-0.3361691063820947	-0.19415989753970408	-0.24285603360469846	-0.1736881764611745	-0.3245694274783703	
-0.23384303932844377	-0.19241982576521985	-0.253439853472774	-0.2891858132268494	-0.11734133125882988	-0.25565243021080675	-0.14113537650075517	-0.2872081824111124	-0.2034151835384567	-0.2938641922646546	-0.3204091907222525	-0.1769424794540306	-0.17949989782797518	-0.2087932141754968	-0.22107903421688135	-0.11738750620007289	-0.29207838840893174	-0.33564245127602743	-0.15794734799520588	-0.04649657697829739	-0.21792079651022292	-0.1392211712668429	-0.23369036060919643	-0.18217738031560307	-0.2791241665796898	-0.25511892717653606	-0.22750033439144793	-0.26100825414231055	-0.18056339806658336	-0.29270830371855516	
-0.2818771443960002	-0.25234285455257754	-0.20157429124660167	-0.2597950388695953	-0.2317371054479326	-0.1838576110114903	-0.2523517293827611	-0.20940486067477032	-0.27612371295392524	-0.2141344482335306	-0.26831999998680406	-0.2031501072320888	-0.28319152700197675	-0.18900849258868263	-0.19586118322395574	-0.27788906102976113	-0.2330453132370852	-0.2582236632038436	-0.22426957562756963	-0.2825720453721491	-0.22984953510938827	-0.19766843754576333	-0.2787432940255406	-0.23903035483546464	-0.2918350167258264	-0.26764592439781176	-0.24883293494941555	-0.27155023221812064	-0.23004833646598327	-0.26867011843044036	
-0.26451634755637166	-0.19975300208935506	-0.2295007140768312	-0.27004671995148366	-0.07354393901053628	-0.2770590715628201	-0.06639476926287435	-0.32928643761365595	-0.25378094492127456	-0.25521953007345155	-0.2790806543091419	-0.2162944744539906	-0.17687558120857785	-0.18372112319884146	-0.21405512253865716	-0.026457504556002223	-0.3717565174976858	-0.3469315589397831	-0.21190600163708692	-0.05425699902291291	-0.1328183741649123	-0.12468659697605823	-0.2635431649195926	-0.17532079823810204	-0.285956934347589	-0.2925572398924257	-0.18441146852835708	-0.23484746542361284	-0.17941518329758985	-0.2819114207796642	
-0.1685523864927893	-0.16487845102782764	-0.24570991843521853	-0.18600354643637929	-0.14352832025656123	-0.22089993448599574	-0.0999060402249775	-0.20956542118007296	-0.19867767624170907	-0.27187409265471235	-0.21681666370829505	-0.14275835541092524	-0.13185714534224727	-0.14203580018633052	-0.18838485658537982	-0.11426463474207828	-0.3041534494686788	-0.23791341568982932	-0.14266193398247512	-0.13322720730410667	-0.1541395995782814	-0.15471444889814281	-0.23094111199111106	-0.1607256930511717	-0.2750496924924557	-0.2953402141304178	-0.13966754854030042	-0.19083340436087812	-0.12598623949355403	-0.18450239172151542	
-0.19984267522096094	-0.15514393721926142	-0.17559972743627045	-0.22956067860569818	-0.06032024500731092	-0.2592465321369594	-0.08327497511171224	-0.2606691280744189	-0.20862462947830976	-0.22027593354468858	-0.2531747432128501	-0.176622749730388	-0.17123690665995073	-0.2169018822945925	-0.2247095341093362	-0.0768783248497513	-0.2768207293093517	-0.2708200512928	-0.19017581947354872	-0.06868444652401207	-0.1913811622478942	-0.10130497006611344	-0.20527653035063143	-0.15805199057412253	-0.3313690376429045	-0.3279141045092675	-0.20995570337102293	-0.2375713944814099	-0.14951887771832859	-0.21678385745110734	
-0.25746983992473305	-0.2252118778966603	-0.2360642703397713	-0.2207882032815377	-0.17708358059158646	-0.214034373942114	-0.21025867192214945	-0.237211678436196	-0.21870576539531558	-0.30031680755166446	-0.22954365420182501	-0.2040254141935604	-0.17355730214040718	-0.2449800751879106	-0.19118802891759634	-0.15245810879535682	-0.3202837897914072	-0.2458949219344657	-0.2136401413716092	-0.22839282145692358	-0.23431663068671224	-0.1783445163356096	-0.2198826010834396	-0.19010713845560695	-0.25179499676167516	-0.3232478469009597	-0.211098942611371	-0.20247327156287862	-0.2194510892749824	-0.26643446475531596	
-0.18333651484457386	-0.4709023568862556	-0.16080062638699993	0.038210603508003343	-0.6724379299701099	0.1251394255243231	-0.6445105204723105	0.08036541604442747	-0.19689768907686406	-0.03749734267832829	0.10073791472927936	-0.29680525074770714	-0.40513474292821217	-0.26021798528973955	-0.300944707832191	-0.8277648871869042	0.20858323407221993	0.1899649288041857	-0.37958941374565885	-0.7793371249523772	-0.38258219550810824	-0.5277635916244845	-0.16006688637707414	-0.4812141237874528	0.21252537045673806	0.11855000490819682	-0.383454028336156	-0.16760101276286005	-0.42140847059230085	-0.06185782743221014	
-0.7915298090215168	-0.7147341076098747	-0.8241502659708015	-0.837011192941404	-0.702364563197925	-0.8811334530254825	-0.6627889880849986	-0.8244764505883488	-0.7571925913948062	-0.7867926807604756	-0.8335815674360055	-0.8030893887570721	-0.7358226961231094	-0.811394749558403	-0.7503753741795435	-0.6009146739118217	-0.8479340418489387	-0.8470785683208213	-0.7411606354894884	-0.6115451457662092	-0.7422783288832716	-0.7285799169842734	-0.7973046126158858	-0.7431794752623464	-0.8900336650101175	-0.833235698774887	-0.7833249371832115	-0.8228016392114058	-0.7560107232514092	-0.8262330199583479	
0.21746637628019824	
-0.44709293881500456	
0.15495602329678604	
0.6331650878645472	
-1.24133471934278	
0.907602856189911	
-0.9610523467217386	
0.7579761965188113	
0.09693723132225734	
0.5433627539868932	
0.722020076917588	
-0.23154220712659684	
-0.39457618657185234	
-0.03861527658256723	
0.01546063976331004	
-1.551313972220081	
1.0418347634299912	
1.0372737270330106	
-0.3583430035089767	
-1.4891872692200236	
-0.3656089532011983	
-0.8033108362641347	
0.17110088908783241	
-0.589358721697018	
1.0352992038192552	
0.7716066153576209	
-0.26461466345117185	
0.1669275525435676	
-0.4941516377774258	
0.5149452090405607	
0.8113745307419563	

