0
6	12	13	13	13	1	
0.1540454296520476	0.0754093649366389	0.17164045838778466	0.12058255587833727	0.08831860014503227	0.16417659617609945	0.1439253212219312	0.12144218005795879	0.1702557412483628	0.10359857408646284	0.1593473109326716	0.15571225703553582	
0.12008473902672255	0.11351340211044554	0.12412139189587294	0.11460710068364097	0.14285804396052768	0.06288817277370455	0.14261225181824708	0.1338919177613044	0.12592486486265425	0.06707393185291362	0.14441119409959516	0.1616751752368133	
0.09723260141053822	0.08455142484323709	0.07967573190583552	0.07628178838900974	0.10216119829458693	0.0867399608688134	0.12807084175893232	0.13624684848443822	0.15559134026827065	0.08038457027996497	0.1362205547746843	0.1245019463465922	
0.0937381935250289	0.11548358724325157	0.05801999504986783	0.13476034557170402	0.07948131097645866	0.08615256722889278	0.09434148077989461	0.07973844796845068	0.08976211346785559	0.12254440996564343	0.07526354346841996	0.13380156025904388	
0.05053010506710593	0.1221821337406704	0.1233506199632317	0.13483175466202868	0.08803458718896377	0.13379696501147118	0.06125931662776325	0.10399602638760366	0.09011930666889954	0.08344596009409329	0.0796933408854069	0.1503177697551701	
0.11517051215908224	0.17033496153388222	0.1708830815899433	0.11161638078675001	0.0752653346447879	0.10043511331608468	0.11280360470123003	0.13234196936385248	0.12459125471391438	0.12949607378848643	0.15225526142645224	0.1418281387770846	
0.15157801542073635	0.234005277178221	0.25463152434620123	0.1863966091975392	0.19054411764976537	0.1811672120131633	0.24044906146791722	0.18448229457609955	0.25592050911166164	0.16611548295886572	0.20369779480472447	0.2240782061753779	
0.0942104229229233	0.14734115969543768	0.07695276361774692	0.05809417739516635	0.13286993028456304	0.12195583823176945	0.06317207196080048	0.06743514289939788	0.048762484157950876	0.15105154408308555	0.09709785138081772	0.14206570159528234	0.14109475031601607	
0.09347410969750347	0.10973585915976936	0.11847896674940596	0.0676437023956316	0.06259531144502185	0.06076496078443995	0.09052487814287037	0.063466865111283	0.125152448518623	0.08094348484212716	0.11030826914846575	0.13778073809383812	0.08660130200067946	
0.10976022658935022	0.10663012600311193	0.09529189503507607	0.15086304615844515	0.1427618014066241	0.07248027416999442	0.12615359690415412	0.1120151732113537	0.07919255666948453	0.12164160167103044	0.1317023719754384	0.13255326663686715	0.11549663419878989	
0.06471099512015754	0.1012686468183996	0.07462137167925448	0.06362345841450187	0.14915470203969075	0.08840619491071841	0.14131585813738343	0.1527706507131895	0.12686910871942703	0.11136082978055763	0.07310247093028828	0.1395258998113981	0.12579481651079413	
0.09767728004296564	0.06834905530759251	0.05323724535838794	0.13424920890253758	0.13345491923338018	0.1104784704325415	0.14360248008918133	0.0813398265155428	0.062066796828539744	0.14386808941321738	0.05609972921836844	0.13342105623672224	0.09160946657810654	
0.09775366730286732	0.12146685615398826	0.111803041510902	0.13826648024866012	0.10644211633784989	0.056430196771329794	0.11773735033250445	0.09336976106729036	0.09762067578785989	0.1446710840721118	0.0476579438146847	0.13594535265260838	0.05871652176467397	
0.13846435094909199	0.08682991117383825	0.08945962136248511	0.1191205192859356	0.09227916226365866	0.13397581257474667	0.1497038081418261	0.1475222881772363	0.10012338391082384	0.15571572006479129	0.05849734891151085	0.05961144049137024	0.08019061469354763	
0.08437162141553324	0.1309486959495372	0.15141983716556262	0.13733454495605507	0.10182582044021445	0.14311290439858776	0.0657558995193533	0.1442205658901264	0.11604577325308944	0.1260121204778312	0.07129309201329925	0.11325266028042545	0.09107205626843898	
0.08653875007927424	0.06134874787846752	0.13637349004670485	0.12357730209241165	0.0913157389542915	0.09206167244288131	0.1444945580036222	0.0624419578167243	0.045426641422768366	0.08528912873020968	0.06306352738712492	0.05741287281793702	0.08204699519179615	
0.14016160440270087	0.09137409901332201	0.1081763225651975	0.14418455816309608	0.07875577513712503	0.09386226427041301	0.14171121423642952	0.1311247535063649	0.042425621090468116	0.07331441806630068	0.0748960906086157	0.0697951595124796	0.0832618606351471	
0.059354387684860864	0.14877825581659357	0.10570744013105818	0.10812943743257979	0.13115001209753419	0.11793238070086631	0.06990154605138894	0.10545712515971914	0.13517040835216682	0.1320994875448174	0.06932400539953654	0.13829739419676046	0.11047729557936097	
0.07599862566493237	0.11671958030964127	0.11824905514203932	0.08178369422219572	0.10879080367364972	0.0869661788222743	0.0634434393904615	0.11626287513030296	0.07890589312167658	0.12679057991447526	0.13821403204935515	0.065221668748738	0.13164378205086255	
0.12250555994471177	0.13092070530162989	0.15993173393242843	0.1061591473792591	0.09357443123799997	0.1011545491164587	0.09604397842259028	0.13341438238104256	0.06090187369178169	0.07514436153807162	0.12691428891909323	0.09885818632694973	0.07742946348930031	
0.0534047584711628	0.0911308426277023	0.054543966316453155	0.0973377049182767	0.0715001828469959	0.037540878655662815	0.12209641195957702	0.10197277552946539	0.05558293205730886	0.11113490798885539	0.08061541522014597	0.09293085373575923	0.10297543794577353	
0.0938088532759133	0.049317642613109135	0.0828612302846177	0.12334998842018205	0.12893189092446733	0.08894552693497035	0.04279368667002378	0.1393239727416472	0.12249957350793066	0.11626534881689256	0.09110030865813665	0.07188545788934561	0.12861163065715553	
0.07227406549702534	0.046110708539990504	0.10741504207742927	0.07401687234432935	0.11633897379365536	0.06828559872752872	0.11050535699142679	0.08158936536526276	0.08824373679147224	0.08193444135953527	0.1058646979360061	0.05442307820704797	0.08505594098780915	
0.1229177044769628	0.10054180723975183	0.10804423237191861	0.04573889933387965	0.08394662375940513	0.12264432000496543	0.07917562965229348	0.050847126171743445	0.057526521755349204	0.06652973139017272	0.07367146250045856	0.1194027508034617	0.05620670404956978	
0.04290482726963094	0.0452372855572483	0.10344102490279089	0.09682702407882395	0.10181982966246055	0.08396483724279738	0.07403852455838428	0.10264232947731462	0.149110360592953	0.05611710153526234	0.062205996721712585	0.13603263989991074	0.046235639856985575	
0.06770828959443227	0.05094617766335472	0.11908205507344763	0.06485402687459726	0.11669383885549012	0.10154226467814109	0.03270010915643022	0.07953941301925882	0.06444231070013955	0.06230131975933774	0.0701016596813803	0.1413143912023356	0.08170213519786262	
0.0652725463691109	0.04418936893129308	0.05624278661308504	0.12146027273991518	0.0950497022112298	0.10833758669276349	0.12970931616165418	0.14339471542473484	0.1139654142690792	0.12053487424536015	0.08089743480660092	0.08222328463000696	0.11988622292853005	
0.11597280853007379	0.10020940212459095	0.0717162677793889	0.12763157573267034	0.08971475478073021	0.06652048083265133	0.12943141377312523	0.12647595643685636	0.07844243567718276	0.03375343111097002	0.047040296158871966	0.14189075858567424	0.052535080630371246	
0.06806059135192674	0.051765875561960745	0.13851598910826798	0.03418083713657196	0.05060203819338842	0.0732850013301477	0.1192584838262135	0.07872587703574246	0.053613788287476205	0.09285802569715847	0.11216304313883692	0.13979582427395265	0.08769199635092795	
0.10691886762988259	0.09098282195925228	0.14576413735814867	0.052094209700768716	0.08907109821215549	0.049575043867601296	0.06908624888495986	0.053089830552410254	0.1288237254942523	0.05688777102463548	0.05638739887305181	0.06729788830666912	0.08317171940506239	
0.0815354452040765	0.11921558176949562	0.06424509530035714	0.05709056281654899	0.12209600651916588	0.12098963106809062	0.03654450188775918	0.11125839003224987	0.115468298970148	0.04861184874097532	0.08643243021704755	0.047014219645189266	0.13470077697142138	
0.1003823838200445	0.055931420205769355	0.06343341936824216	0.07405641455890945	0.039766787956874376	0.04140176902745716	0.038561051341344056	0.15013056137575467	0.12466230888314411	0.12209255828706454	0.057764867113324625	0.1250001131590054	0.055279259051491426	
0.07890646502040269	0.063056101514857	0.11124818576512681	0.06788613754284724	0.1262666883849355	0.1139736654407329	0.07809367217339167	0.12751367588087797	0.06535242025932622	0.09172708800129276	0.06539708516540982	0.05096366156024512	0.13520176587034766	
0.05472510107743938	0.0728298885847933	0.13406399388766277	0.11038249578347792	0.057267846037469025	0.09459060009081546	0.10918247936274139	0.10840739890921275	0.11983591013090616	0.13338103951809424	0.07736933542404305	0.11104918933518994	0.14153093557189106	
0.12316499696690321	0.12254112872808182	0.0622133291186485	0.16821162471501724	0.12450917268699534	0.12442579090497219	0.14489627979535313	0.10730861525056704	0.08550158767945841	0.07445404142551307	0.10240389019768345	0.1179483423494445	0.15377804253963356	
0.054781281862336176	0.133745829835233	0.07483778015613297	0.1389970134546889	0.07331736346220172	0.10363858608357537	0.1259632895338683	0.060870270066729786	0.1329862177774021	0.13955410889631772	0.1223200734241142	0.10269907802594601	0.11356265684035058	
0.11126899781082156	0.12915638595091075	0.12989096730182628	0.16732775118261442	0.08184709040813104	0.141760718446145	0.14241493332388414	0.09662218214157817	0.09744868539075119	0.1300261854595534	0.07361062847098249	0.12917240965961865	0.13585211781649317	
0.13791480659034258	0.11363968622595907	0.12317428947625322	0.17393120599534237	0.10316435765676006	0.11046617344102809	0.11995637826100918	0.13243588294584221	0.15968230114820084	0.08466619410516053	0.118399016240352	0.10535709708387256	0.15959043430127717	
0.13955373285839448	0.0990402752050093	0.1158399477829608	0.11557866733103907	0.1588353353780061	0.14728226539221537	0.1644860268503649	0.14855617706129895	0.0921846221791945	0.09561275764736653	0.13350586642608048	0.09563072123431268	0.08557055197669117	
0.09786816400246869	0.08136142976466636	0.10350077471319859	0.1594297137741812	0.10317896001671062	0.08217039764405207	0.1351404557742737	0.1392688043214468	0.07786821533483873	0.12277327463776883	0.08988919250711042	0.13340511342402286	0.10248227377807531	
0.14463470986012292	0.12543178421543394	0.07881487689955118	0.12886202247354123	0.15436723907042707	0.12502089226736643	0.15336710355419164	0.08243739880143866	0.1660844265501638	0.17283531868879268	0.10507588018640719	0.09279702401287902	0.1427438610526205	
0.06233183616619295	0.09390609936693564	0.10640287617292213	0.09248969331502108	0.09130054863187081	0.16668390110495362	0.11521084915223535	0.08630291471122228	0.0812452136062947	0.14026209160113137	0.1377214108493445	0.11670293674219996	0.13846984551800437	
0.06355808338542743	0.12826874065548702	0.1530632745616474	0.10042728218791071	0.07396156597339483	0.11418614794844507	0.11756085206022447	0.07961212295398808	0.08526905587076665	0.14379236302202253	0.14694794069244038	0.07400057541900103	0.0999001155352864	
0.07716787339281724	0.09243328617044065	0.09622188405812235	0.1492783947763616	0.1495306710898552	0.09394581259961376	0.0810190213235897	0.0652812380789016	0.09013056123150105	0.12523296084752114	0.12997508368568858	0.15209755034023392	0.12240090639855608	
0.05620844952575312	0.14272171997508404	0.1256122890567201	0.15646564975830315	0.10283697932340956	0.14956911171111678	0.09862360567639247	0.09934756597671097	0.11757631220449519	0.14953543041443432	0.13771912013580204	0.08666468742743129	0.07216597205522825	
0.14088910645519415	0.09927956223026864	0.11170166043027371	0.15351150743250958	0.1541685623813854	0.11536965865361082	0.12855463809761492	0.16129203726668187	0.0961785128397592	0.1689529235245212	0.07998129074675536	0.12337981050427897	0.1370246429702859	
0.0885648845181929	0.14343022506985034	0.06222115426460439	0.16310382969418116	0.09862277354288035	0.1097677295999933	0.11056784269339681	0.074026375335522	0.13867344912580765	0.1586193883459387	0.12298938717119604	0.09795384423834493	0.11530348748924982	
0.0861879984973811	0.07707215948203533	0.07376399217617131	0.15833686763315333	0.0926903596599178	0.12281573909488612	0.15631846704500593	0.10758103499930205	0.17773762525474193	0.11297294257737445	0.13462470529055456	0.14888093113935533	0.16628061009628706	
-0.8932813928141107	
-0.9471817478414338	
-0.8987456220517851	
-1.1120024784363336	
-0.9468668138772872	
-0.9880242902669588	
-1.0171758293529716	
-0.9291072912816162	
-0.9926619825886893	
-1.0545563223022507	
-0.9853056257016167	
-0.9519057760260181	
-1.0292154568100795	
-1.2102931659702583	

