0
6	18	19	19	19	6	
0.20477859522751535	0.20221741533087098	0.26081206301248827	0.24498958931999754	0.24558692398761858	0.26484309427094815	0.20479969136639212	0.24938360534733345	0.23998612458017313	0.24748142469613568	0.2519424234281844	0.2952552309111089	0.2640636098871636	0.1919300772479569	0.22399526432647712	0.2809887446721474	0.26308517156625144	0.23695668502047815	
0.26538573720865793	0.20711166047899898	0.26105792001963335	0.2647785852256419	0.21339705811050522	0.24332179322780328	0.1884875169576724	0.25813327880799775	0.25911303748643316	0.2507051458151045	0.22361368105598448	0.2751818343236509	0.2056646033497709	0.21088599921126708	0.267945593260451	0.2587748732258885	0.20297976459024317	0.2808695697576885	
0.27747335296282816	0.23376563175414522	0.19390896983035125	0.19150423051072823	0.24001014858006284	0.26196026169889775	0.2102327211307385	0.2627431839010924	0.19989138336311232	0.21392327059068156	0.21691342117535908	0.23536911657073983	0.25117387177494566	0.2714954665120363	0.23681778942373707	0.2236800129713581	0.25778198159959037	0.2602455558334466	
0.24345431087850153	0.2861603061284687	0.18713063783828832	0.2565149708103237	0.24159940347422645	0.18790332876082563	0.2578274855806872	0.2068222441272256	0.2705106792225509	0.2810226947252295	0.2448460252401779	0.22849551731268447	0.3058627085833568	0.26818149882896186	0.24948224578544437	0.25352638644119435	0.27299085089421676	0.29529469261236946	
0.2266036754003392	0.2041359019164861	0.25313552906185444	0.24969822254507057	0.19351335491835436	0.2616525980057115	0.2321280015718175	0.25253191282326193	0.2495529030855324	0.17819214780403517	0.24911202127245094	0.24032231804774873	0.2539013464237619	0.20629577247385328	0.23679144671265778	0.2654518718156675	0.26392733853739253	0.21626159544030227	
0.26630357899869894	0.22311264741516112	0.2759318885228599	0.244511186250482	0.27212359308225	0.2002970811915675	0.24729496569759135	0.2902155945690151	0.22170999030503596	0.21170331195039896	0.19545025160987625	0.29067035457757867	0.2961087018334455	0.22631236096428597	0.256401137538401	0.2404122202077137	0.24410293769116323	0.2669732874822929	
0.44661978938573754	0.4404583896723074	0.4173821053231147	0.47449050733126313	0.43039095378736536	0.4260334056529247	0.4040752465583081	0.5110860457671403	0.42793259666419076	0.4109067790723905	0.4495546820745987	0.4745164954806071	0.4866971527912689	0.45362949370962347	0.4933734467746443	0.46178622189301477	0.4437195755124873	0.45853844474704447	
0.1294234499514584	0.13808835434953307	0.21412879377716024	0.1336642675442423	0.1701301262847076	0.13222726135166707	0.15246154716119692	0.15584879430643514	0.1524096259701942	0.1641724929238963	0.12501915438801778	0.11851186693535477	0.15514534588515724	0.14008000097497222	0.1435282172869384	0.15031822861692126	0.13285266309558544	0.20978948249333462	0.1952693606590602	
0.21121385037497595	0.18384009312924615	0.18028055522967912	0.1919652779108257	0.14319496374261328	0.160089316818429	0.1544747412471506	0.12837632597470572	0.1350042045186606	0.17298810344884316	0.1457739460733041	0.14358506124603052	0.18680768520495797	0.1963252522036455	0.1525271271485274	0.19500959931715486	0.1330411632999344	0.15781238246011223	0.13631272220211044	
0.12292072050349377	0.11509442774843179	0.12132926475584505	0.19209423138814358	0.16896643375450499	0.16134073290554007	0.18980306363000216	0.136638316003275	0.1266728070881932	0.1876810932947164	0.18019874712090253	0.16186121356114463	0.1339705565645829	0.20066890573785426	0.20815105096093747	0.12920927684229588	0.14609865887033796	0.1995318593602667	0.11533250651863935	
0.16058626601440004	0.11174341368173854	0.20604142360552016	0.1605107526411023	0.16092893716511525	0.1459374199388112	0.14899100157620876	0.12235430294704192	0.13809972382830016	0.15067804493173118	0.12863280101670196	0.1732125157547865	0.16237147743295524	0.18093603208944017	0.20862106696609975	0.17850600757319665	0.2131780950980352	0.1522785469056194	0.14453963442778586	
0.12186074278569585	0.166619661886559	0.16930068364239861	0.15172773886784874	0.2116022835964244	0.14912806878458407	0.16131012393671695	0.1326895767626056	0.1150190633926728	0.15632812265172685	0.15475372077049704	0.20073577629571884	0.15566296798329532	0.15695933033864806	0.12337172858076549	0.1898675537704717	0.13417884582812875	0.20038254668212255	0.1334342239551095	
0.17891247594094412	0.13535469168982808	0.18303449668793112	0.17629194095171108	0.13759283592028357	0.15411279341587497	0.1151317468799659	0.18515607518625626	0.11951367305561202	0.1362218066169656	0.11775960559824618	0.12404163362320447	0.1230051306389743	0.16963129412319938	0.18999219939055267	0.19926883739744042	0.11433487767761795	0.12688082638276652	0.1906884565488303	
0.13183547380062338	0.19073333622093613	0.19715951600543852	0.12889534930134003	0.11486592916270195	0.17653513362946105	0.19762414142311863	0.18866985748514128	0.18911888423108345	0.14796324237328756	0.19539259484133345	0.138437614514933	0.13156499686771247	0.1578696592444295	0.14452127091336253	0.15417531014299113	0.11461340250463485	0.1588977673354613	0.1187503084677806	
0.13770339620749322	0.17991611547631314	0.12693945468256965	0.16120035504233868	0.17093793597186296	0.11742634611894032	0.14359513751712089	0.12845917164939274	0.12397838512967527	0.14126095856214657	0.20625480913697583	0.20485270081111767	0.1966641745375471	0.16252727604706327	0.19565083021273166	0.17696219136042096	0.21558866101190963	0.16228238538370376	0.1759271073055548	
0.15167730644661806	0.1633464709101631	0.1838098417877722	0.1951138251719411	0.15746958139159573	0.20302480307528517	0.1479643052984648	0.1357583395547272	0.12872706865618808	0.13716720083339715	0.13072880522034674	0.1352835757027281	0.12102912877188633	0.20236133242326182	0.15612142995730838	0.13946945607966907	0.13686037308753993	0.17921951504151135	0.19781721696588772	
0.1190066299570348	0.1714418759341083	0.1390726281162894	0.13339618604248582	0.1257033299895792	0.14010288513526098	0.18964847307759036	0.1303021478645816	0.14237316133608804	0.1632868127611734	0.1977931665069203	0.13829689772960163	0.1465795117515579	0.1673285614151392	0.19559176210586765	0.1139167775215192	0.13028367451348957	0.1505525083380765	0.17970684558543473	
0.1736042907740192	0.15291294508732756	0.12454959578616011	0.16349799834288073	0.1995332905740945	0.1883334352134512	0.13913514721507883	0.19492725750068798	0.1342542738165602	0.12084941034148719	0.20623864031575231	0.11360467413672604	0.16274868026464578	0.19873589219187718	0.16027268599515412	0.133683548473632	0.11510857248412655	0.1207881120685335	0.1916019222834434	
0.17439551210510093	0.15575442498967568	0.16488384534278808	0.12627337662544727	0.12200250647764091	0.1581751726998954	0.17552429250053844	0.11561857569691761	0.20726136115757	0.12967693664755828	0.18719843626305943	0.11662602830844229	0.20587283000217493	0.20020709472667636	0.1304950096806818	0.14479544714475748	0.1635284500849832	0.12120983824290076	0.1192132074425039	
0.16179051359049054	0.13211661985462594	0.13887010751851245	0.1878423047217863	0.12299213740512517	0.18955617339007702	0.1667466404213516	0.182048456326443	0.15346494288542717	0.16624614847292646	0.17083693568350883	0.19461618430091646	0.15690141462613305	0.13725259344121493	0.1321597831480578	0.21394151379457169	0.17779687235838995	0.16080869438008769	0.12814832742082832	
0.20382036935067527	0.12683566032079924	0.13677516142033674	0.1284811818792412	0.20578700774371916	0.1839408204153188	0.20510784001745916	0.1440440549171777	0.20363288922993436	0.10824295232735466	0.12350149824445018	0.11034857661230038	0.1842267299134511	0.17651498592188186	0.15035138919496366	0.20055178122192596	0.13739452113499942	0.12375370944610575	0.11697577723159724	
0.14475491081156605	0.15567701953321628	0.18121601129641765	0.14673353594891683	0.15542483830780568	0.15383858329083233	0.14833682865574918	0.16195287803169828	0.12004959862095979	0.16804224860750688	0.17569753520803758	0.17193853374842705	0.15621285826767176	0.2000667214149362	0.1691396765862702	0.15533889733729558	0.1606576484421044	0.20625398114265686	0.18303740402552465	
0.1941782631928328	0.20385658235134643	0.1370579687825692	0.13904881313451908	0.13932840630998736	0.13940080132699667	0.18664574744941695	0.13418828976276442	0.15491275286645914	0.19241411448938528	0.19293487259335443	0.19959087503200215	0.14136331666059784	0.14201710205801021	0.1617070328285965	0.12120462445668571	0.12047427972978243	0.11499294919448043	0.19026946611317494	
0.13433634573961095	0.11022185667172059	0.15537562403449753	0.14309141151596455	0.15987295171510707	0.13830943685916702	0.11240794883503707	0.14998352967536877	0.20945476236068267	0.12737607328537687	0.1749136626130684	0.17312263554178148	0.17326187578773433	0.13353853221451006	0.1343548648673071	0.12261673482651743	0.1416857358311692	0.1470948192258521	0.20011580045381375	
0.21726203972432534	0.13154502061379897	0.152663880360067	0.13047941391320172	0.15199549804530826	0.11568517220216666	0.2026493439613285	0.1567774444649441	0.12607947859065546	0.1956905154554554	0.16690152089938487	0.19536936655671866	0.14908324400253214	0.20384977955106365	0.14182722071690668	0.16421557517648108	0.2021735766773137	0.1851921124238088	0.15281774024050646	
0.14903668777857965	0.2007329860806361	0.17051826221111838	0.16003371749404918	0.17706200984731957	0.11011849584077518	0.10243595154217319	0.15515554893132413	0.12393696015366436	0.1479082697895023	0.13913965241266182	0.1891982195823331	0.1977588372331608	0.15207292221730043	0.1186795433643776	0.1687832089487858	0.1574581954249215	0.10975427312634244	0.15603598416142392	
0.10197454712242074	0.17775859038219347	0.10122920582907138	0.11138350680468721	0.1694746587803417	0.15929053120380637	0.17058758132837717	0.1571936003836735	0.11755078123146341	0.12697032631355726	0.08791306212761064	0.1509702037991086	0.1431079909407334	0.10738307201671514	0.12133165328907178	0.16632773968885758	0.18063240396422695	0.15138677964894498	0.16259391861049072	
0.1592137341146012	0.11050825236626262	0.1487081565832194	0.10390015130297287	0.11309739041916154	0.1511115245127268	0.16004789387222548	0.1289266476532393	0.1693107707839945	0.148738732072048	0.15697378713433802	0.12651388263654756	0.18094377286197608	0.1547398372265362	0.11894353598273133	0.09050293844305235	0.1308870808062943	0.09450099998188405	0.1360993791159972	
0.13580041491236725	0.18297481346346897	0.12397793078386282	0.12616136275983691	0.1433516724951239	0.11384287217469732	0.11323612430767012	0.10452801084633392	0.15249268136422323	0.10899254197645572	0.08281862083438844	0.10453271808551874	0.11678544170505649	0.126365479795968	0.18847532939162348	0.12781916953701647	0.1121247982018298	0.13399934338063677	0.11389415706313098	
0.15261803926002077	0.12391045563765869	0.15221452662321366	0.18196283463772056	0.14309112460224316	0.09136645618288705	0.1604630860772159	0.18755618232069446	0.11138184629810693	0.1724537434022554	0.08707105028218953	0.15127418427631922	0.09347151430610309	0.0981418163798704	0.1748633318429777	0.1498782208544185	0.1703940334594418	0.15408153380614714	0.15864258478981363	
0.17724602045873666	0.1302247819302786	0.14344604125125268	0.1601362438155098	0.17794529741468776	0.12987807731273862	0.09972777412924042	0.09725906835850018	0.11906279429573847	0.15891818222982543	0.0996586633991719	0.1435291167025278	0.09305911051031492	0.14419288532275631	0.10227656897007331	0.1514586412802815	0.12276804168186053	0.13173130022043414	0.1815309512084825	
0.1661834257846881	0.09180602079680952	0.10517985053967986	0.16278415770631696	0.1461359399838394	0.10626576183017947	0.1516381503310544	0.17222434193633362	0.12424360953573942	0.08436269484613682	0.13418769518642623	0.18180636378915943	0.08946510759192819	0.09743493431137659	0.11647452218493637	0.09006110431519301	0.16235303082358932	0.1683240945329132	0.12582883776272205	
0.16170116187579953	0.14638817679515365	0.17839912304700456	0.1306879784943947	0.13882492309864575	0.10350647321235742	0.14158826700288438	0.17718456656651396	0.1466981703353392	0.11585452085322008	0.14245778213463026	0.11431527532555273	0.13454770616738795	0.1103538272727312	0.17594664174582308	0.1669365801354814	0.16334914348122015	0.10069612897956008	0.13803954329411228	
0.08488395822575845	0.1053542366480471	0.11358429146923754	0.1333538541231709	0.15862745793812533	0.18385228584910376	0.084723164499439	0.12122864732231117	0.1174492314404222	0.16202603328348242	0.1362552913048983	0.1594557861180791	0.0949846711346734	0.12777324107695692	0.13370580158656717	0.151206467346557	0.1274776476907453	0.17892248485725898	0.11964391613829546	
0.12703551169021043	0.1616436534380621	0.1470750979616249	0.19196801574605185	0.1641462697230365	0.14737594169672869	0.1276572628817609	0.17164742125038404	0.10817237951562755	0.1554730136031075	0.15724537337717678	0.1074142569134672	0.17350009945288528	0.15167785800027075	0.09214465604553834	0.1620227336365665	0.1128045846109076	0.17380050932106	0.1638385998298367	
0.08965950126142032	0.17295099237041728	0.12238729577286533	0.15977470646076697	0.09481086092596097	0.1784111784595068	0.15125559477855446	0.16768739893278875	0.09901060920508907	0.17713283941406582	0.16495351939155753	0.14227500982723687	0.10540494439272996	0.09800998303322477	0.18232669361978765	0.15623615753089506	0.09656137741238463	0.18243577785573345	0.17011131675341606	
0.15614879133124468	0.15410512682866523	0.11532883174600439	0.13350786272147613	0.09769975945282587	0.1478835848626568	0.15634078149504496	0.16224855494018983	0.08311709634819658	0.15391222031352791	0.08391266728021016	0.1647403327112016	0.12317893714681866	0.1342221319654336	0.13771182958625885	0.15835477136354856	0.15213985861908272	0.09767446332564933	0.14385626215105413	
0.1170449048038719	0.17232994772164004	0.14630881705094428	0.16737886708709254	0.15074442188230547	0.1768891704875265	0.11051935736102331	0.14905683385539895	0.17461904937442377	0.10573460448033443	0.10714663779585316	0.10385657615793562	0.0986773416564541	0.10962242602091456	0.19154850730367995	0.12468054164444742	0.11267716921930764	0.18848801660348968	0.09338021659600053	
0.1601111107572842	0.17085565384923232	0.10413356973522467	0.15963015309942188	0.13807705165252968	0.11522422407893998	0.1006932239352997	0.090105549117567	0.14821823701942988	0.08459769892071002	0.16486289372489873	0.1575624985277168	0.14616024062069588	0.16796467007781418	0.15629036430100157	0.15292900166507273	0.1352906146796316	0.12036061102020162	0.0950373057983068	
0.17790965235472847	0.15824541746580265	0.15898138044768442	0.15962874690250875	0.14941012573610699	0.1116522192377023	0.15551725314312387	0.14447547976628566	0.12073449804757098	0.16305491578575776	0.11730573151928676	0.18284590369013218	0.14736631219345525	0.10477671747900827	0.10501034136964948	0.10967649144916575	0.17882088757555978	0.16395007410127965	0.1472273283609938	
0.1444663285401587	0.17835293349887668	0.10792585757806585	0.10342559688335408	0.14396333989306845	0.1501968959150686	0.13986279091560974	0.10801099910088992	0.14919302963865938	0.1558882119545832	0.16557032735210137	0.11050738246682577	0.10837858492026145	0.11462025398426204	0.09680863432976783	0.1434611093037784	0.1253587481831351	0.10076510135403959	0.16004395037652938	
0.16852523717974477	0.12959440139821973	0.11074521706905391	0.19350309010749778	0.1399235351482901	0.10612027924759689	0.1181591524656218	0.14721054119814891	0.14162078729895308	0.1743655676656839	0.08348467995942806	0.11298221556907974	0.11695784655443435	0.18351470329686204	0.15614517767296127	0.08839175661149128	0.1364219472658053	0.14195678591706964	0.16055101831660476	
0.11060473544686486	0.08244112942052316	0.11134663499032983	0.14284834533837382	0.14420198384809058	0.1240416089422387	0.16264608225287222	0.1280665022694614	0.17035427838769812	0.14799842942924404	0.15037024919498346	0.1765626952522974	0.11090060046598785	0.1366136615552448	0.15121003792188886	0.1468681111094453	0.09585224240336546	0.10247987423139915	0.09482589196838499	
0.15156416184113447	0.1632339082349862	0.16264202457163	0.14129583539801904	0.17447861248819424	0.10996422814638554	0.16342009331861182	0.1544411534237538	0.11469665949499915	0.12999649750509065	0.16374326114745155	0.16794015415319982	0.1506147790333996	0.10412012759069143	0.09789184525124801	0.15244459698820992	0.13755494790630296	0.14134246750804863	0.16036511057279668	
0.1777466039120602	0.16943255728908616	0.15177491527741999	0.10025649322978172	0.14219837378484712	0.17520282950222638	0.13444276550200804	0.10591270513775086	0.17695090864996488	0.1666421448687688	0.16119158720617205	0.12914054849177725	0.1060384670620921	0.15307002098878406	0.18707483096983968	0.16044029549796923	0.11333983020914783	0.13891269045745294	0.17638117526740033	
0.08521490304676332	0.14155434472319633	0.07915358518286209	0.12061882770204584	0.10040841313306031	0.10363425302379634	0.10436202970097326	0.13797895561665682	0.09675449332435407	0.09602059539532634	0.08875370202865805	0.09955423130179891	0.10778355978230644	0.07936224209550032	0.1559574133756111	0.09222823475677537	0.09875736404558136	0.11866330177010134	0.061657387860016816	
0.14746385776677165	0.12145184045307761	0.1285218921222011	0.15737355028154426	0.20042480547568572	0.14722416496493798	0.14634317649032874	0.1946925254113192	0.1830481662259479	0.1918102402644516	0.15763140504045758	0.16838546114969047	0.19076647478211647	0.19853636131958408	0.1731356162513467	0.16481257565252863	0.11969714676928069	0.17951506982770551	0.2095027969932718	
0.1879090361076867	0.17137996366035027	0.17660338429590508	0.1938974311775733	0.17282203069502433	0.15629553047106096	0.1933592250674884	0.1656319422932155	0.14683464571224875	0.2009207977452595	0.1663549126996328	0.17804273705199064	0.16584905758545948	0.20775571260430287	0.1917183568611687	0.18742028752737586	0.20368554410402898	0.14868203158838564	0.13415949664885257	
0.1737685695985747	0.17704094827120873	0.19685019570176343	0.11500825155268103	0.15380035158895816	0.15923493222172425	0.20711006556168374	0.18314350309958324	0.144910960935559	0.16851978207583526	0.12618605177655876	0.20327989615812905	0.15732775492062182	0.12174416865367577	0.18324044527299074	0.11336303660449897	0.18420099914686447	0.15265028200592126	0.1790811332418206	
0.14547907424246725	0.20513719031451297	0.16074089497266952	0.1585936193585353	0.1835795403347389	0.1769880108492458	0.18503042748216092	0.1653011292794045	0.15195624614161332	0.15016253751897232	0.2016868313828008	0.19859554206616542	0.14679450795921578	0.12354822020539531	0.11949632146171267	0.19097783474589677	0.13527703360023197	0.13448243814869226	0.19248382587690147	
0.20950814843110357	0.13559993524763495	0.17482859145884494	0.19711024550365405	0.11783131869654132	0.13345503952558757	0.18982989585499116	0.17876377341905259	0.1678531830698967	0.12264606115169026	0.1723459853049928	0.17092930085060729	0.17138271082671522	0.1228851252179847	0.18602439534523782	0.15222133697102996	0.16668773075059065	0.18416587168306395	0.14755236132722388	
0.1580159796714905	0.1458136086475146	0.15937892527121145	0.16737399988625787	0.1694790129663464	0.17761957700795214	0.14076625168249113	0.12471303981940568	0.1360830373142713	0.19842010516212313	0.13340104408564582	0.1427819590898791	0.14864066970838027	0.14686881947698976	0.11863481959045377	0.11602619453982628	0.20325340307045478	0.1102676795185967	0.1117985180152584	
0.12048249275355671	0.160039352404753	0.19590518230096013	0.1758692627580611	0.18846789298269498	0.1989282333972726	0.16009456420674226	0.1587542608432745	0.10808671812127069	0.18731150293706203	0.1424265650256756	0.16462235373082595	0.18777522765760343	0.11467700537856738	0.14321154556563492	0.18496504230952904	0.18053910029847242	0.18899574854645643	0.14679229326568768	
0.12942082269768876	0.12171107052988375	0.15187399199273002	0.13781336498599633	0.1419304208709279	0.1515239889765078	0.1252052991321567	0.16813011756128077	0.12105146921320765	0.11174236110155342	0.14181329744405316	0.16746337441252437	0.1957003857986402	0.17282214773715623	0.14874764292019674	0.12302335633398472	0.16948012168801788	0.15906148581069623	0.12501384778687794	
0.12008717455249236	0.12039339433037205	0.18989874568848994	0.11080223549791739	0.1852362280827064	0.11128876412680899	0.12583989041742782	0.18443807012091024	0.11641297410836975	0.2053797513352297	0.14258816675207417	0.1773741760034178	0.18459844412482154	0.1319771400962471	0.13945601009955075	0.21138005837856053	0.15608063152107982	0.18737715757884063	0.14543854375898363	
0.13593713419964779	0.13678100660346806	0.1952159672720785	0.19141804781294391	0.13588198105367963	0.1277451878342608	0.16748263911119382	0.17914129577971113	0.1637446945399751	0.1567161296051121	0.18926437528925544	0.14149239414536977	0.17107149360588408	0.1893247782390008	0.14806256600712447	0.16909396304012064	0.14895307134861505	0.19692658265008556	0.1301622952583466	
0.18099453138602678	0.15370455958021687	0.18762735899532298	0.12832354592235445	0.1307351723433843	0.12887440279252793	0.1322855249002531	0.18666278146153298	0.17569219808102599	0.15275821101033993	0.11832556486868911	0.11747120714868803	0.1509396639721361	0.18820182149929782	0.13074526390086957	0.18732826131430047	0.12278360634355677	0.11411787917550961	0.1694055049963263	
0.20662009281450028	0.14847942048630072	0.13781598994106875	0.1803984656945089	0.19089738588647484	0.1513654942829888	0.1926528762370581	0.12217454452667782	0.14899764772887908	0.1972528942854293	0.18981105156745914	0.11840756885069315	0.15360384174350306	0.16250853807628077	0.1494360348679617	0.17570926872836842	0.11554079388100044	0.17517125102768769	0.13953691504864577	
0.13644273264532647	0.14703997938562105	0.12592268567832682	0.14779533712971563	0.12318297118573279	0.1339409914583101	0.15777901015415818	0.1664977821644268	0.18907371352123353	0.15371978375870807	0.13114359871810957	0.1555973774164549	0.1449625130174014	0.15229712606963444	0.14236757941309863	0.11133146126785938	0.15643098881607082	0.1765432480550488	0.15501278944174088	
0.16227679227192154	0.17917557352002883	0.18456978799696536	0.16055429084182016	0.14737844711122544	0.12877371494179152	0.19932936215800398	0.15698910112277317	0.16038752634773046	0.2054130149229447	0.16587044994197153	0.18504292945731401	0.19139332342921014	0.11941062405076511	0.13950729692603897	0.17836176724972114	0.17354391900257976	0.1680841870717782	0.14003102059127304	
0.18255257870032768	0.13081316306225824	0.1258798308334123	0.17698305817777393	0.17853351013674748	0.17467087643906415	0.1419690042490388	0.12762509726484783	0.149229241270598	0.16387992596126014	0.14789137420116155	0.1295422015661779	0.18106137543848863	0.20928694521445268	0.15562979959065854	0.20435558309027094	0.20975903123729747	0.15316996708002048	0.14068457520410496	
0.14231404669775433	0.20666933848755895	0.19936845861786234	0.19072673187707084	0.12815101054457056	0.18585608399561832	0.1361765126864897	0.1651546184436794	0.16822522118586786	0.19422026952572907	0.15411468614262966	0.12032576410599023	0.15866419632634118	0.11445039273865074	0.14121557056008768	0.18075004750889295	0.18160964053130518	0.16001647818900683	0.18497826949966378	
0.14668800615406352	0.1112710396300667	0.159387307540187	0.17870551899973264	0.13496540406776117	0.12242240481935306	0.19285348319122875	0.11812415312373074	0.12065433647960082	0.13001027090410314	0.12412072113911123	0.12008426196556128	0.12682222083930123	0.16634971266575052	0.13148386855203403	0.119545661543204	0.13497350305068725	0.15202928947662517	0.15796715639796485	
0.20232602503984212	0.13350875138409266	0.2000144990834141	0.20090768971757383	0.17185194937704512	0.14075869205600375	0.1892260590730658	0.1520094074555899	0.19821069046994352	0.12103425666898261	0.1834239840780945	0.17131199022719065	0.2037019962662017	0.18791756355774958	0.1546882920514026	0.19460010323659901	0.12515793897699995	0.16314276384521156	0.12421101979790183	
0.18122317721220174	0.14232652338479398	0.12155101499273381	0.13656926374181239	0.12879531884633272	0.13927628420153862	0.17106048932520576	0.21012382054301892	0.20364786963607426	0.12022676428241921	0.10280653600960206	0.14636609445596688	0.14915835001066008	0.2061660600449112	0.12326795432975071	0.20942259946864558	0.20899754168169019	0.12042132973176614	0.11322191415620281	
0.15649992685737285	0.15849826055726218	0.159082586314479	0.15621085431379853	0.11010887309506676	0.12625669060617484	0.08909696183486898	0.09121791129370127	0.1273662017688434	0.1035934055193796	0.09068906312902396	0.18032116419655222	0.15925602739565656	0.14798309093017806	0.13479857998190048	0.11388659170791705	0.12374018133791358	0.12311713645545813	0.15301934346827512	
-0.6840401475577804	-0.6592594199847346	-0.6274807441744699	-0.6453107994050246	-0.6286564363048577	-0.649039096020513	
-0.6143173843956946	-0.5419765786694356	-0.5954868038089295	-0.6078542766620237	-0.6251656262852023	-0.5689554117099322	
-0.7235345398120162	-0.6650663509846837	-0.6960426336837477	-0.6605210572266356	-0.6546235496289867	-0.62924213200891	
-0.6478490361472211	-0.6597156583539221	-0.6086883456531282	-0.657501385735952	-0.6784247743525843	-0.6520100885293764	
-0.6144510097830777	-0.5769924441465522	-0.6230130883902768	-0.6203631151096932	-0.6292920494089724	-0.6156701363031348	
-0.6603110876569681	-0.5782815991778133	-0.559831286079511	-0.5728560087304214	-0.5375696818074516	-0.6094752966510794	
-0.6848648706185362	-0.6151895612171567	-0.6875937805948629	-0.6456114812086245	-0.6808269674842841	-0.6039552210289825	
-0.691595792954615	-0.577988742605061	-0.6883767327032614	-0.6272110004930043	-0.6410818106976983	-0.6194921774623273	
-0.6293789574168955	-0.6082274173539419	-0.5932744790325147	-0.620871954167676	-0.6387761085878112	-0.561882159868004	
-0.6355023229382311	-0.6547596116709377	-0.6930323858589559	-0.653294271462581	-0.6247502921481916	-0.6333935371803605	
-0.6004418935285291	-0.576543334193669	-0.5712188969108318	-0.6354390610318059	-0.5702324721715297	-0.5570757491753998	
-0.6589932227004084	-0.592167021684165	-0.6195299633414645	-0.6703362014687417	-0.5943049716417407	-0.6348480510858515	
-0.7222364050677458	-0.6353050904657619	-0.6341948618152872	-0.6904560425134302	-0.6954934973438321	-0.6459196622145286	
-0.6558837553109199	-0.5848298190103974	-0.6597210492526202	-0.6204388000625164	-0.6284992533622178	-0.6583022376415024	
-0.5762689724187336	-0.6034704449960917	-0.5929787748328412	-0.5434213000610367	-0.5948952448580093	-0.5892202096898334	
-0.7059744131469011	-0.6590463911001965	-0.6508084376078535	-0.6234597817945231	-0.6933210904111483	-0.6603808455273934	
-0.6410131943013296	-0.5923201380467774	-0.6665216529382824	-0.6701829107058266	-0.6718797064010056	-0.6250245846201036	
-0.6361465997228886	-0.6173162758371478	-0.5974484360406227	-0.6580691738649543	-0.578744113715998	-0.6557082444795596	
-0.5749055609142758	-0.5928086387078696	-0.58349616243196	-0.5859463394169108	-0.6228223218185222	-0.5885751413839623	
-0.7062231917552881	-0.5735705222224511	-0.6170142671267186	-0.6289423701142689	-0.6611352863337494	-0.6550129451199345	






